1 1 1
2 0 1
3 0 1
4 0 1
5 0 1
6 0 1
7 0 1
8 1 1
9 1 1
10 0 1
11 0 1
12 0 1
13 0 1
14 0 1
15 0 1
16 1 1
17 0 1
18 0 1
19 0 1
20 0 1
21 0 1
22 1 1
23 0 1
24 0 1
25 0 1
26 0 1
27 2 2
28 0 2
29 0 2
30 0 2
31 0 2
32 0 2
33 0 2
34 0 2
35 0 2
36 0 2
37 0 2
38 0 2
39 0 2
40 0 2
41 0 2
42 0 2
43 0 2
44 1 2
45 1 2
46 0 2
47 0 2
48 0 2
49 0 2
50 0 2
51 0 2
52 1 2
53 0 2
54 0 2
55 0 2
56 0 2
57 0 2
58 0 2
59 0 2
60 0 2
61 0 2
62 1 2
63 1 2
64 0 2
65 0 2
66 0 2
67 1 2
68 0 2
69 0 2
70 0 2
71 0 2
72 0 2
73 1 2
74 0 2
75 0 2
76 0 2
77 0 2
78 0 2
79 1 2
80 0 2
81 0 2
82 1 2
83 0 2
84 0 2
85 1 2
86 0 2
87 0 2
88 0 2
89 0 2
90 0 2
91 0 2
92 0 2
93 0 2
94 0 2
95 1 2
96 0 2
97 0 2
98 0 2
99 0 2
100 0 2
101 0 2
102 0 2
103 0 2
104 0 2
105 0 2
106 0 2
107 1 2
108 0 2
109 0 2
110 0 2
111 0 2
112 1 2
113 0 2
114 0 2
115 0 2
116 0 2
117 0 2
118 0 2
119 0 2
120 0 2
121 0 2
122 0 2
123 0 2
124 0 2
125 0 2
126 0 2
127 0 2
128 0 2
129 0 2
130 0 2
131 0 2
132 0 2
133 0 2
134 0 2
135 0 2
136 0 2
137 0 2
138 0 2
139 0 2
140 0 2
141 0 2
142 0 2
143 0 2
144 0 2
145 0 2
146 0 2
147 1 2
148 0 2
149 0 2
150 0 2
151 0 2
152 1 2
153 0 2
154 0 2
155 0 2
156 0 2
157 0 2
158 0 2
159 0 2
160 0 2
161 1 2
162 0 2
163 0 2
164 0 2
165 0 2
166 0 2
167 0 2
168 0 2
169 0 2
170 0 2
171 0 2
172 1 2
173 1 2
174 0 2
175 0 2
176 0 2
177 0 2
178 0 2
179 0 2
180 0 2
181 0 2
182 0 2
183 0 2
184 0 2
185 0 2
186 0 2
187 0 2
188 0 2
189 0 2
190 0 2
191 0 2
192 0 2
193 0 2
194 0 2
195 0 2
196 0 2
197 0 2
198 0 2
199 0 2
200 0 2
201 0 2
202 0 2
203 1 2
204 1 2
205 0 2
206 0 2
207 0 2
208 0 2
209 1 2
210 0 2
211 0 2
212 0 2
213 0 2
214 0 2
215 1 2
216 0 2
217 0 2
218 0 2
219 0 2
220 0 2
221 1 2
222 0 2
223 0 2
224 0 2
225 0 2
226 0 2
227 0 2
228 0 2
229 0 2
230 0 2
231 0 2
232 0 2
233 0 2
234 0 2
235 1 2
236 0 2
237 0 2
238 0 2
239 0 2
240 0 2
241 1 2
242 1 2
243 0 2
244 1 2
245 0 2
246 0 2
247 1 2
248 0 2
249 0 2
250 0 2
251 1 2
252 0 2
253 0 2
254 0 2
255 0 2
256 0 2
257 0 2
258 0 2
259 0 2
260 0 2
261 0 2
262 0 2
263 0 2
264 0 2
265 0 2
266 0 2
267 0 2
268 0 2
269 0 2
270 0 2
271 0 2
272 0 2
273 0 2
274 1 2
275 1 2
276 0 2
277 0 2
278 0 2
279 0 2
280 0 2
281 0 2
282 0 2
283 0 2
284 0 2
285 1 2
286 0 2
287 0 2
288 0 2
289 0 2
290 1 2
291 0 2
292 0 2
293 0 2
294 0 2
295 0 2
296 0 2
297 0 2
298 0 2
299 0 2
300 0 2
301 0 2
302 0 2
303 0 2
304 0 2
305 0 2
306 0 2
307 0 2
308 0 2
309 0 2
310 0 2
311 0 2
312 0 2
313 0 2
314 1 2
315 0 2
316 0 2
317 1 2
318 0 2
319 0 2
320 0 2
321 0 2
322 0 2
323 0 2
324 0 2
325 0 2
326 1 2
327 0 2
328 0 2
329 0 2
330 0 2
331 0 2
332 1 2
333 0 2
334 0 2
335 0 2
336 1 2
337 0 2
338 0 2
339 0 2
340 0 2
341 1 2
342 0 2
343 0 2
344 0 2
345 0 2
346 0 2
347 0 2
348 1 2
349 0 2
350 0 2
351 0 2
352 0 2
353 1 2
354 1 2
355 0 2
356 0 2
357 0 2
358 1 2
359 0 2
360 0 2
361 0 2
362 0 2
363 1 2
364 0 2
365 0 2
366 0 2
367 0 2
368 1 2
369 0 2
370 0 2
371 0 2
372 0 2
373 1 2
374 0 2
375 1 2
376 0 2
377 1 2
378 0 2
379 0 2
380 0 2
381 1 2
382 0 2
383 2 2
384 0 2
385 0 2
386 0 2
387 0 2
388 1 2
389 0 2
390 0 2
391 0 2
392 0 2
393 1 2
394 0 2
395 0 2
396 0 2
397 2 2
398 0 2
399 1 2
400 1 2
401 0 2
402 0 2
403 1 2
404 0 2
405 1 2
406 0 2
407 0 2
408 0 2
409 1 2
410 1 2
411 1 2
412 0 2
413 1 2
414 3 3
415 0 3
416 0 3
417 1 3
418 0 3
419 2 3
420 0 3
421 0 3
422 0 3
423 0 3
424 1 3
425 0 3
426 0 3
427 2 3
428 2 3
429 0 3
430 1 3
431 0 3
432 1 3
433 1 3
434 0 3
435 0 3
436 0 3
437 0 3
438 3 3
439 0 3
440 0 3
441 0 3
442 0 3
443 2 3
444 0 3
445 1 3
446 0 3
447 1 3
448 0 3
449 1 3
450 0 3
451 2 3
452 2 3
453 0 3
454 1 3
455 0 3
456 0 3
457 2 3
458 1 3
459 0 3
460 1 3
461 1 3
462 0 3
463 0 3
464 1 3
465 2 3
466 1 3
467 0 3
468 2 3
469 1 3
470 1 3
471 3 3
472 2 3
473 1 3
474 0 3
475 0 3
476 1 3
477 0 3
478 5 5
479 4 5
480 5 5
481 2 5
482 3 5
483 5 5
484 2 5
485 4 5
486 5 5
487 1 5
488 0 5
489 5 5
490 2 5
491 3 5
492 2 5
493 1 5
494 0 5
495 2 5
496 2 5
497 7 7
498 2 7
499 3 7
500 0 7
501 20 20
502 2 20
503 24 24
504 9 24
505 0 24
506 5 24
507 0 24
508 0 24
509 0 24
510 5 24
511 4 24
512 23 24
513 0 24
514 25 25
515 1 25
516 0 25
517 26 26
518 0 26
519 8 26
520 0 26
521 13 26
522 10 26
523 8 26
524 13 26
525 7 26
526 25 26
527 17 26
528 29 29
529 23 29
530 15 29
531 8 29
532 31 31
533 8 31
534 20 31
535 9 31
536 0 31
537 6 31
538 22 31
539 17 31
540 46 46
541 13 46
542 9 46
543 22 46
544 9 46
545 10 46
546 19 46
547 9 46
548 12 46
549 4 46
550 0 46
551 19 46
552 16 46
553 26 46
554 46 46
555 12 46
556 0 46
557 1 46
558 10 46
559 34 46
560 24 46
561 24 46
562 59 59
563 12 59
564 24 59
565 29 59
566 29 59
567 10 59
568 26 59
569 17 59
570 11 59
571 6 59
572 34 59
573 20 59
574 7 59
575 14 59
576 19 59
577 22 59
578 14 59
579 31 59
580 12 59
581 8 59
582 9 59
583 14 59
584 20 59
585 6 59
586 23 59
587 15 59
588 18 59
589 54 59
590 29 59
591 26 59
592 10 59
593 29 59
594 8 59
595 4 59
596 22 59
597 25 59
598 21 59
599 30 59
600 12 59
601 23 59
602 25 59
603 18 59
604 41 59
605 38 59
606 29 59
607 26 59
608 23 59
609 36 59
610 15 59
611 15 59
612 17 59
613 31 59
614 22 59
615 10 59
616 24 59
617 24 59
618 13 59
619 31 59
620 16 59
621 10 59
622 20 59
623 19 59
624 28 59
625 38 59
626 32 59
627 19 59
628 22 59
629 27 59
630 29 59
631 13 59
632 45 59
633 29 59
634 34 59
635 27 59
636 102 102
637 77 102
638 9 102
639 18 102
640 38 102
641 51 102
642 30 102
643 12 102
644 35 102
645 21 102
646 40 102
647 40 102
648 19 102
649 16 102
650 38 102
651 22 102
652 16 102
653 15 102
654 29 102
655 11 102
656 12 102
657 14 102
658 15 102
659 39 102
660 26 102
661 42 102
662 24 102
663 24 102
664 23 102
665 33 102
666 73 102
667 34 102
668 10 102
669 19 102
670 10 102
671 15 102
672 12 102
673 20 102
674 41 102
675 16 102
676 26 102
677 15 102
678 18 102
679 16 102
680 6 102
681 40 102
682 38 102
683 27 102
684 24 102
685 3 102
686 30 102
687 4 102
688 30 102
689 25 102
690 35 102
691 4 102
692 3 102
693 27 102
694 17 102
695 33 102
696 7 102
697 23 102
698 34 102
699 27 102
700 26 102
701 29 102
702 23 102
703 16 102
704 98 102
705 80 102
706 25 102
707 6 102
708 12 102
709 20 102
710 30 102
711 6 102
712 19 102
713 22 102
714 11 102
715 13 102
716 37 102
717 16 102
718 25 102
719 21 102
720 27 102
721 7 102
722 21 102
723 41 102
724 6 102
725 13 102
726 22 102
727 36 102
728 42 102
729 8 102
730 28 102
731 40 102
732 21 102
733 55 102
734 14 102
735 66 102
736 36 102
737 25 102
738 23 102
739 52 102
740 60 102
741 12 102
742 34 102
743 38 102
744 45 102
745 31 102
746 36 102
747 28 102
748 25 102
749 52 102
750 13 102
751 15 102
752 15 102
753 9 102
754 39 102
755 18 102
756 51 102
757 47 102
758 42 102
759 25 102
760 44 102
761 23 102
762 17 102
763 12 102
764 54 102
765 10 102
766 30 102
767 15 102
768 20 102
769 26 102
770 16 102
771 18 102
772 34 102
773 28 102
774 32 102
775 22 102
776 32 102
777 27 102
778 10 102
779 12 102
780 46 102
781 18 102
782 27 102
783 25 102
784 23 102
785 50 102
786 45 102
787 18 102
788 6 102
789 17 102
790 23 102
791 58 102
792 8 102
793 21 102
794 54 102
795 37 102
796 35 102
797 34 102
798 16 102
799 14 102
800 29 102
801 37 102
802 26 102
803 29 102
804 14 102
805 29 102
806 15 102
807 39 102
808 8 102
809 0 102
810 14 102
811 29 102
812 32 102
813 9 102
814 16 102
815 26 102
816 24 102
817 43 102
818 30 102
819 27 102
820 27 102
821 25 102
822 16 102
823 11 102
824 45 102
825 33 102
826 18 102
827 25 102
828 21 102
829 31 102
830 39 102
831 9 102
832 43 102
833 23 102
834 13 102
835 10 102
836 26 102
837 41 102
838 36 102
839 52 102
840 20 102
841 46 102
842 14 102
843 28 102
844 30 102
845 31 102
846 29 102
847 9 102
848 42 102
849 32 102
850 8 102
851 22 102
852 49 102
853 12 102
854 31 102
855 29 102
856 37 102
857 20 102
858 24 102
859 29 102
860 10 102
861 11 102
862 21 102
863 17 102
864 12 102
865 35 102
866 47 102
867 26 102
868 24 102
869 29 102
870 22 102
871 34 102
872 51 102
873 45 102
874 28 102
875 38 102
876 29 102
877 26 102
878 35 102
879 27 102
880 18 102
881 40 102
882 46 102
883 30 102
884 25 102
885 41 102
886 22 102
887 38 102
888 36 102
889 30 102
890 34 102
891 39 102
892 39 102
893 35 102
894 44 102
895 60 102
896 22 102
897 49 102
898 27 102
899 34 102
900 28 102
901 21 102
902 40 102
903 26 102
904 42 102
905 31 102
906 33 102
907 17 102
908 46 102
909 12 102
910 10 102
911 26 102
912 30 102
913 40 102
914 32 102
915 27 102
916 42 102
917 36 102
918 27 102
919 27 102
920 25 102
921 3 102
922 9 102
923 15 102
924 31 102
925 26 102
926 12 102
927 33 102
928 29 102
929 27 102
930 18 102
931 20 102
932 34 102
933 18 102
934 38 102
935 29 102
936 20 102
937 33 102
938 41 102
939 28 102
940 36 102
941 20 102
942 23 102
943 15 102
944 43 102
945 21 102
946 60 102
947 24 102
948 26 102
949 57 102
950 27 102
951 42 102
952 66 102
953 27 102
954 23 102
955 48 102
956 22 102
957 19 102
958 21 102
959 33 102
960 23 102
961 37 102
962 29 102
963 33 102
964 29 102
965 5 102
966 24 102
967 24 102
968 25 102
969 22 102
970 25 102
971 40 102
972 21 102
973 36 102
974 39 102
975 23 102
976 22 102
977 35 102
978 16 102
979 35 102
980 24 102
981 38 102
982 35 102
983 31 102
984 23 102
985 7 102
986 25 102
987 48 102
988 20 102
989 27 102
990 15 102
991 25 102
992 42 102
993 48 102
994 6 102
995 28 102
996 18 102
997 35 102
998 33 102
999 51 102
1000 40 102
1001 24 102
