1 0 0
2 0 0
3 0 0
4 0 0
5 0 0
6 0 0
7 0 0
8 0 0
9 0 0
10 0 0
11 0 0
12 0 0
13 0 0
14 0 0
15 0 0
16 0 0
17 1 1
18 0 1
19 1 1
20 0 1
21 1 1
22 0 1
23 1 1
24 0 1
25 1 1
26 2 2
27 0 2
28 1 2
29 0 2
30 0 2
31 1 2
32 1 2
33 1 2
34 1 2
35 1 2
36 0 2
37 3 3
38 0 3
39 0 3
40 1 3
41 1 3
42 1 3
43 1 3
44 1 3
45 2 3
46 2 3
47 1 3
48 0 3
49 1 3
50 1 3
51 1 3
52 0 3
53 2 3
54 0 3
55 2 3
56 2 3
57 0 3
58 0 3
59 2 3
60 1 3
61 0 3
62 1 3
63 0 3
64 0 3
65 1 3
66 0 3
67 1 3
68 0 3
69 2 3
70 2 3
71 0 3
72 1 3
73 8 8
74 4 8
75 1 8
76 0 8
77 0 8
78 0 8
79 1 8
80 35 35
81 9 35
82 19 35
83 2 35
84 7 35
85 1 35
86 1 35
87 0 35
88 7 35
89 2 35
90 5 35
91 0 35
92 0 35
93 0 35
94 0 35
95 2 35
96 0 35
97 0 35
98 1 35
99 2 35
100 1 35
101 1 35
102 3 35
103 0 35
104 0 35
105 0 35
106 4 35
107 0 35
108 0 35
109 0 35
110 1 35
111 0 35
112 0 35
113 0 35
114 0 35
115 0 35
116 0 35
117 1 35
118 1 35
119 0 35
120 1 35
121 0 35
122 1 35
123 4 35
124 1 35
125 0 35
126 0 35
127 0 35
128 0 35
129 5 35
130 0 35
131 1 35
132 2 35
133 7 35
134 0 35
135 0 35
136 5 35
137 1 35
138 0 35
139 0 35
140 0 35
141 0 35
142 0 35
143 9 35
144 1 35
145 2 35
146 0 35
147 0 35
148 3 35
149 0 35
150 0 35
151 5 35
152 0 35
153 1 35
154 0 35
155 1 35
156 0 35
157 0 35
158 0 35
159 0 35
160 0 35
161 0 35
162 1 35
163 1 35
164 0 35
165 0 35
166 0 35
167 1 35
168 2 35
169 0 35
170 1 35
171 0 35
172 1 35
173 0 35
174 0 35
175 0 35
176 0 35
177 7 35
178 0 35
179 0 35
180 3 35
181 2 35
182 4 35
183 1 35
184 1 35
185 0 35
186 0 35
187 1 35
188 0 35
189 0 35
190 7 35
191 0 35
192 0 35
193 2 35
194 6 35
195 3 35
196 1 35
197 7 35
198 7 35
199 1 35
200 5 35
201 2 35
202 2 35
203 2 35
204 0 35
205 2 35
206 5 35
207 1 35
208 0 35
209 6 35
210 2 35
211 0 35
212 1 35
213 0 35
214 0 35
215 0 35
216 2 35
217 3 35
218 0 35
219 0 35
220 1 35
221 2 35
222 1 35
223 0 35
224 2 35
225 4 35
226 3 35
227 0 35
228 2 35
229 0 35
230 2 35
231 1 35
232 0 35
233 0 35
234 1 35
235 2 35
236 2 35
237 0 35
238 0 35
239 1 35
240 0 35
241 0 35
242 0 35
243 0 35
244 4 35
245 3 35
246 0 35
247 0 35
248 3 35
249 1 35
250 0 35
251 1 35
252 0 35
253 2 35
254 2 35
255 0 35
256 1 35
257 0 35
258 0 35
259 1 35
260 0 35
261 1 35
262 3 35
263 1 35
264 1 35
265 0 35
266 0 35
267 5 35
268 4 35
269 0 35
270 4 35
271 0 35
272 1 35
273 2 35
274 3 35
275 1 35
276 0 35
277 0 35
278 3 35
279 0 35
280 4 35
281 0 35
282 1 35
283 8 35
284 0 35
285 0 35
286 0 35
287 0 35
288 1 35
289 0 35
290 1 35
291 4 35
292 3 35
293 2 35
294 5 35
295 1 35
296 2 35
297 3 35
298 1 35
299 1 35
300 2 35
301 11 35
