1 0 0
2 0 0
3 0 0
4 0 0
5 0 0
6 0 0
7 1 1
8 0 1
9 0 1
10 0 1
11 1 1
12 0 1
13 0 1
14 0 1
15 0 1
16 0 1
17 0 1
18 0 1
19 0 1
20 1 1
21 1 1
22 0 1
23 0 1
24 1 1
25 0 1
26 0 1
27 0 1
28 0 1
29 0 1
30 0 1
31 0 1
32 1 1
33 0 1
34 0 1
35 2 2
36 0 2
37 1 2
38 1 2
39 0 2
40 1 2
41 0 2
42 0 2
43 2 2
44 1 2
45 0 2
46 0 2
47 0 2
48 0 2
49 1 2
50 0 2
51 0 2
52 0 2
53 1 2
54 1 2
55 1 2
56 2 2
57 0 2
58 1 2
59 0 2
60 1 2
61 1 2
62 4 4
63 1 4
64 1 4
65 0 4
66 1 4
67 2 4
68 6 6
69 0 6
70 0 6
71 2 6
72 6 6
73 5 6
74 2 6
75 3 6
76 1 6
77 1 6
78 1 6
79 5 6
80 4 6
81 1 6
82 8 8
83 5 8
84 4 8
85 1 8
86 2 8
87 10 10
88 4 10
89 4 10
90 6 10
91 3 10
92 7 10
93 0 10
94 3 10
95 8 10
96 0 10
97 3 10
98 5 10
99 2 10
100 1 10
101 0 10
102 0 10
103 2 10
104 0 10
105 1 10
106 0 10
107 0 10
108 1 10
109 3 10
110 0 10
111 0 10
112 0 10
113 3 10
114 0 10
115 3 10
116 0 10
117 1 10
118 0 10
119 0 10
120 0 10
121 1 10
122 0 10
123 0 10
124 1 10
125 0 10
126 0 10
127 0 10
128 1 10
129 0 10
130 4 10
131 0 10
132 1 10
133 0 10
134 0 10
135 1 10
136 0 10
137 0 10
138 4 10
139 0 10
140 0 10
141 0 10
142 1 10
143 1 10
144 0 10
145 0 10
146 1 10
147 0 10
148 2 10
149 0 10
150 0 10
151 0 10
152 1 10
153 3 10
154 2 10
155 1 10
156 1 10
157 2 10
158 0 10
159 0 10
160 3 10
161 0 10
162 0 10
163 0 10
164 0 10
165 0 10
166 0 10
167 0 10
168 1 10
169 0 10
170 0 10
171 0 10
172 0 10
173 0 10
174 1 10
175 0 10
176 0 10
177 1 10
178 0 10
179 0 10
180 3 10
181 1 10
182 0 10
183 1 10
184 0 10
185 1 10
186 1 10
187 0 10
188 1 10
189 0 10
190 0 10
191 1 10
192 1 10
193 1 10
194 0 10
195 0 10
196 1 10
197 1 10
198 1 10
199 0 10
200 0 10
201 1 10
202 1 10
203 1 10
204 1 10
205 0 10
206 2 10
207 1 10
208 1 10
209 0 10
210 0 10
211 1 10
212 0 10
213 0 10
214 1 10
215 0 10
216 1 10
217 0 10
218 0 10
219 0 10
220 0 10
221 1 10
222 0 10
223 2 10
224 0 10
225 0 10
226 1 10
227 1 10
228 0 10
229 0 10
230 0 10
231 1 10
232 0 10
233 0 10
234 1 10
235 1 10
236 1 10
237 1 10
238 0 10
239 0 10
240 3 10
241 4 10
242 0 10
243 0 10
244 0 10
245 2 10
246 0 10
247 1 10
248 0 10
249 1 10
250 0 10
251 0 10
252 1 10
253 0 10
254 2 10
255 0 10
256 0 10
257 0 10
258 0 10
259 0 10
260 0 10
261 1 10
262 0 10
263 1 10
264 0 10
265 0 10
266 1 10
267 0 10
268 0 10
269 0 10
270 0 10
271 0 10
272 1 10
273 0 10
274 0 10
275 0 10
276 1 10
277 0 10
278 1 10
279 1 10
280 1 10
281 0 10
282 0 10
283 1 10
284 0 10
285 0 10
286 3 10
287 1 10
288 0 10
289 0 10
290 0 10
291 0 10
292 0 10
293 2 10
294 0 10
295 0 10
296 1 10
297 0 10
298 0 10
299 1 10
300 0 10
301 0 10
