1 0 0
2 0 0
3 1 1
4 1 1
5 0 1
6 0 1
7 0 1
8 0 1
9 0 1
10 0 1
11 0 1
12 0 1
13 0 1
14 0 1
15 0 1
16 1 1
17 0 1
18 1 1
19 0 1
20 0 1
21 1 1
22 0 1
23 0 1
24 1 1
25 1 1
26 0 1
27 1 1
28 0 1
29 1 1
30 0 1
31 0 1
32 1 1
33 1 1
34 1 1
35 0 1
36 1 1
37 0 1
38 0 1
39 0 1
40 0 1
41 0 1
42 2 2
43 0 2
44 0 2
45 1 2
46 0 2
47 0 2
48 1 2
49 1 2
50 0 2
51 0 2
52 0 2
53 0 2
54 0 2
55 0 2
56 1 2
57 1 2
58 0 2
59 0 2
60 0 2
61 2 2
62 0 2
63 1 2
64 0 2
65 0 2
66 1 2
67 3 3
68 2 3
69 0 3
70 0 3
71 0 3
72 0 3
73 0 3
74 0 3
75 0 3
76 1 3
77 2 3
78 1 3
79 2 3
80 0 3
81 0 3
82 0 3
83 0 3
84 0 3
85 0 3
86 0 3
87 0 3
88 0 3
89 0 3
90 0 3
91 0 3
92 0 3
93 0 3
94 0 3
95 1 3
96 0 3
97 1 3
98 0 3
99 0 3
100 0 3
101 0 3
102 0 3
103 0 3
104 0 3
105 1 3
106 0 3
107 0 3
108 0 3
109 0 3
110 0 3
111 0 3
112 0 3
113 0 3
114 0 3
115 0 3
116 0 3
117 0 3
118 0 3
119 0 3
120 1 3
121 2 3
122 0 3
123 0 3
124 0 3
125 0 3
126 0 3
127 0 3
128 0 3
129 1 3
130 0 3
131 0 3
132 1 3
133 0 3
134 0 3
135 1 3
136 0 3
137 1 3
138 0 3
139 0 3
140 0 3
141 0 3
142 0 3
143 1 3
144 0 3
145 0 3
146 0 3
147 1 3
148 0 3
149 1 3
150 0 3
151 0 3
152 1 3
153 0 3
154 0 3
155 1 3
156 0 3
157 0 3
158 0 3
159 3 3
160 0 3
161 0 3
162 0 3
163 0 3
164 0 3
165 0 3
166 0 3
167 1 3
168 0 3
169 2 3
170 0 3
171 0 3
172 0 3
173 2 3
174 0 3
175 0 3
176 0 3
177 2 3
178 1 3
179 0 3
180 1 3
181 0 3
182 1 3
183 0 3
184 1 3
185 0 3
186 1 3
187 0 3
188 0 3
189 0 3
190 0 3
191 0 3
192 0 3
193 0 3
194 0 3
195 3 3
196 0 3
197 0 3
198 0 3
199 0 3
200 0 3
201 0 3
202 0 3
203 0 3
204 0 3
205 3 3
206 0 3
207 0 3
208 1 3
209 0 3
210 0 3
211 0 3
212 0 3
213 0 3
214 0 3
215 0 3
216 0 3
217 0 3
218 0 3
219 0 3
220 0 3
221 0 3
222 0 3
223 0 3
224 0 3
225 1 3
226 0 3
227 0 3
228 0 3
229 0 3
230 0 3
231 0 3
232 3 3
233 2 3
234 0 3
235 2 3
236 0 3
237 1 3
238 0 3
239 0 3
240 0 3
241 0 3
242 0 3
243 1 3
244 0 3
245 0 3
246 0 3
247 1 3
248 0 3
249 0 3
250 0 3
251 0 3
252 0 3
253 0 3
254 1 3
255 0 3
256 0 3
257 0 3
258 0 3
259 0 3
260 0 3
261 0 3
262 0 3
263 0 3
264 0 3
265 0 3
266 0 3
267 0 3
268 0 3
269 1 3
270 0 3
271 0 3
272 0 3
273 0 3
274 1 3
275 2 3
276 1 3
277 0 3
278 0 3
279 1 3
280 0 3
281 0 3
282 0 3
283 0 3
284 1 3
285 0 3
286 2 3
287 0 3
288 0 3
289 1 3
290 3 3
291 4 4
292 4 4
293 0 4
294 0 4
295 0 4
296 1 4
297 1 4
298 0 4
299 0 4
300 0 4
301 0 4
