1 0 0
2 1 1
3 0 1
4 0 1
5 0 1
6 0 1
7 0 1
8 0 1
9 0 1
10 1 1
11 1 1
12 0 1
13 0 1
14 0 1
15 0 1
16 0 1
17 0 1
18 0 1
19 0 1
20 0 1
21 0 1
22 0 1
23 0 1
24 1 1
25 0 1
26 0 1
27 1 1
28 0 1
29 0 1
30 0 1
31 0 1
32 0 1
33 0 1
34 0 1
35 0 1
36 1 1
37 1 1
38 0 1
39 1 1
40 0 1
41 0 1
42 0 1
43 0 1
44 0 1
45 0 1
46 0 1
47 0 1
48 0 1
49 0 1
50 0 1
51 0 1
52 0 1
53 0 1
54 0 1
55 0 1
56 0 1
57 0 1
58 0 1
59 1 1
60 0 1
61 0 1
62 0 1
63 0 1
64 1 1
65 0 1
66 0 1
67 0 1
68 0 1
69 0 1
70 0 1
71 2 2
72 0 2
73 0 2
74 0 2
75 0 2
76 0 2
77 0 2
78 0 2
79 0 2
80 0 2
81 1 2
82 0 2
83 0 2
84 1 2
85 0 2
86 1 2
87 2 2
88 1 2
89 1 2
90 1 2
91 0 2
92 0 2
93 1 2
94 0 2
95 0 2
96 1 2
97 0 2
98 1 2
99 0 2
100 0 2
101 1 2
102 0 2
103 0 2
104 0 2
105 0 2
106 0 2
107 1 2
108 0 2
109 0 2
110 1 2
111 0 2
112 0 2
113 0 2
114 0 2
115 1 2
116 1 2
117 0 2
118 3 3
119 1 3
120 0 3
121 0 3
122 0 3
123 0 3
124 1 3
125 1 3
126 0 3
127 1 3
128 0 3
129 0 3
130 1 3
131 1 3
132 1 3
133 0 3
134 0 3
135 1 3
136 0 3
137 1 3
138 1 3
139 0 3
140 0 3
141 0 3
142 0 3
143 0 3
144 0 3
145 0 3
146 0 3
147 0 3
148 0 3
149 1 3
150 0 3
151 0 3
152 1 3
153 0 3
154 1 3
155 0 3
156 0 3
157 0 3
158 2 3
159 0 3
160 0 3
161 1 3
162 1 3
163 2 3
164 0 3
165 0 3
166 1 3
167 0 3
168 1 3
169 0 3
170 0 3
171 1 3
172 1 3
173 2 3
174 0 3
175 1 3
176 1 3
177 1 3
178 1 3
179 0 3
180 3 3
181 4 4
182 3 4
183 1 4
184 0 4
185 2 4
186 0 4
187 4 4
188 3 4
189 1 4
190 4 4
191 0 4
192 3 4
193 3 4
194 1 4
195 2 4
196 1 4
197 1 4
198 0 4
199 3 4
200 6 6
201 0 6
202 1 6
203 0 6
204 0 6
205 1 6
206 1 6
207 5 6
208 6 6
209 2 6
210 0 6
211 1 6
212 0 6
213 0 6
214 1 6
215 0 6
216 0 6
217 2 6
218 3 6
219 0 6
220 1 6
221 0 6
222 2 6
223 0 6
224 0 6
225 4 6
226 0 6
227 8 8
228 1 8
229 11 11
230 4 11
231 1 11
232 0 11
233 2 11
234 2 11
235 0 11
236 0 11
237 0 11
238 3 11
239 0 11
240 1 11
241 0 11
242 0 11
243 1 11
244 0 11
245 1 11
246 0 11
247 0 11
248 5 11
249 4 11
250 1 11
251 3 11
252 32 32
253 23 32
254 6 32
255 0 32
256 0 32
257 20 32
258 2 32
259 19 32
260 0 32
261 18 32
262 10 32
263 13 32
264 9 32
265 12 32
266 14 32
267 29 32
268 13 32
269 4 32
270 9 32
271 3 32
272 25 32
273 23 32
274 19 32
275 28 32
276 5 32
277 2 32
278 9 32
279 18 32
280 33 33
281 36 36
282 24 36
283 8 36
284 17 36
285 26 36
286 14 36
287 9 36
288 26 36
289 38 38
290 46 46
291 51 51
292 22 51
293 15 51
294 38 51
295 6 51
296 14 51
297 7 51
298 33 51
299 35 51
300 14 51
301 23 51
