1 0 0
2 0 0
3 0 0
4 0 0
5 0 0
6 0 0
7 0 0
8 0 0
9 0 0
10 0 0
11 0 0
12 0 0
13 0 0
14 0 0
15 0 0
16 0 0
17 0 0
18 0 0
19 1 1
20 0 1
21 0 1
22 0 1
23 0 1
24 0 1
25 0 1
26 0 1
27 0 1
28 0 1
29 0 1
30 0 1
31 0 1
32 0 1
33 0 1
34 0 1
35 0 1
36 1 1
37 1 1
38 0 1
39 1 1
40 0 1
41 0 1
42 0 1
43 0 1
44 0 1
45 1 1
46 0 1
47 0 1
48 0 1
49 1 1
50 0 1
51 1 1
52 0 1
53 0 1
54 1 1
55 0 1
56 0 1
57 0 1
58 1 1
59 1 1
60 0 1
61 0 1
62 0 1
63 0 1
64 0 1
65 0 1
66 0 1
67 0 1
68 0 1
69 0 1
70 1 1
71 0 1
72 0 1
73 1 1
74 0 1
75 0 1
76 0 1
77 0 1
78 0 1
79 0 1
80 0 1
81 0 1
82 1 1
83 0 1
84 0 1
85 0 1
86 0 1
87 0 1
88 1 1
89 0 1
90 0 1
91 0 1
92 0 1
93 0 1
94 1 1
95 1 1
96 0 1
97 0 1
98 0 1
99 0 1
100 1 1
101 1 1
102 0 1
103 0 1
104 1 1
105 0 1
106 0 1
107 0 1
108 0 1
109 0 1
110 0 1
111 0 1
112 0 1
113 1 1
114 0 1
115 0 1
116 1 1
117 0 1
118 1 1
119 0 1
120 0 1
121 1 1
122 1 1
123 0 1
124 1 1
125 0 1
126 0 1
127 0 1
128 1 1
129 1 1
130 0 1
131 0 1
132 1 1
133 0 1
134 0 1
135 0 1
136 0 1
137 0 1
138 1 1
139 0 1
140 1 1
141 1 1
142 0 1
143 1 1
144 1 1
145 0 1
146 1 1
147 0 1
148 0 1
149 0 1
150 2 2
151 1 2
152 0 2
153 0 2
154 0 2
155 1 2
156 0 2
157 0 2
158 1 2
159 1 2
160 1 2
161 1 2
162 0 2
163 1 2
164 0 2
165 1 2
166 1 2
167 2 2
168 1 2
169 1 2
170 2 2
171 2 2
172 0 2
173 0 2
174 0 2
175 2 2
176 1 2
177 0 2
178 2 2
179 0 2
180 1 2
181 2 2
182 1 2
183 3 3
184 6 6
185 1 6
186 2 6
187 1 6
188 3 6
189 1 6
190 1 6
191 0 6
192 1 6
193 0 6
194 1 6
195 4 6
196 1 6
197 5 6
198 0 6
199 3 6
200 0 6
201 1 6
202 5 6
203 0 6
204 3 6
205 6 6
206 1 6
207 4 6
208 0 6
209 0 6
210 5 6
211 0 6
212 1 6
213 2 6
214 0 6
215 1 6
216 2 6
217 0 6
218 0 6
219 0 6
220 0 6
221 6 6
222 1 6
223 0 6
224 0 6
225 9 9
226 0 9
227 0 9
228 8 9
229 0 9
230 13 13
231 13 13
232 1 13
233 0 13
234 40 40
235 9 40
236 11 40
237 0 40
238 7 40
239 2 40
240 15 40
241 18 40
242 7 40
243 19 40
244 6 40
245 1 40
246 4 40
247 3 40
248 4 40
249 1 40
250 2 40
251 0 40
252 18 40
253 0 40
254 0 40
255 4 40
256 0 40
257 2 40
258 14 40
259 50 50
260 5 50
261 37 50
262 49 50
263 15 50
264 37 50
265 20 50
266 27 50
267 23 50
268 31 50
269 42 50
270 9 50
271 18 50
272 30 50
273 14 50
274 22 50
275 33 50
276 10 50
277 20 50
278 19 50
279 53 53
280 21 53
281 24 53
282 40 53
283 27 53
284 7 53
285 10 53
286 44 53
287 13 53
288 12 53
289 30 53
290 20 53
291 17 53
292 28 53
293 8 53
294 26 53
295 12 53
296 10 53
297 40 53
298 43 53
299 35 53
300 12 53
301 32 53
