1 0 0
2 0 0
3 0 0
4 0 0
5 0 0
6 0 0
7 0 0
8 0 0
9 0 0
10 0 0
11 0 0
12 0 0
13 0 0
14 0 0
15 0 0
16 0 0
17 0 0
18 0 0
19 0 0
20 0 0
21 0 0
22 0 0
23 0 0
24 0 0
25 0 0
26 0 0
27 0 0
28 1 1
29 1 1
30 0 1
31 0 1
32 0 1
33 0 1
34 0 1
35 0 1
36 0 1
37 0 1
38 0 1
39 1 1
40 1 1
41 1 1
42 0 1
43 0 1
44 0 1
45 0 1
46 1 1
47 0 1
48 0 1
49 0 1
50 0 1
51 0 1
52 0 1
53 0 1
54 0 1
55 0 1
56 0 1
57 0 1
58 0 1
59 0 1
60 0 1
61 0 1
62 0 1
63 0 1
64 0 1
65 1 1
66 1 1
67 0 1
68 0 1
69 1 1
70 0 1
71 0 1
72 0 1
73 0 1
74 1 1
75 1 1
76 0 1
77 0 1
78 0 1
79 0 1
80 0 1
81 2 2
82 0 2
83 0 2
84 2 2
85 0 2
86 0 2
87 0 2
88 0 2
89 0 2
90 0 2
91 0 2
92 0 2
93 0 2
94 0 2
95 0 2
96 0 2
97 1 2
98 0 2
99 0 2
100 0 2
101 0 2
102 1 2
103 0 2
104 0 2
105 0 2
106 0 2
107 0 2
108 1 2
109 1 2
110 0 2
111 0 2
112 0 2
113 0 2
114 1 2
115 0 2
116 0 2
117 0 2
118 0 2
119 0 2
120 1 2
121 1 2
122 0 2
123 1 2
124 0 2
125 0 2
126 1 2
127 0 2
128 0 2
129 1 2
130 0 2
131 0 2
132 0 2
133 0 2
134 1 2
135 1 2
136 1 2
137 0 2
138 0 2
139 0 2
140 1 2
141 0 2
142 0 2
143 0 2
144 0 2
145 0 2
146 0 2
147 0 2
148 0 2
149 1 2
150 0 2
151 0 2
152 0 2
153 0 2
154 0 2
155 1 2
156 0 2
157 0 2
158 2 2
159 1 2
160 1 2
161 0 2
162 0 2
163 1 2
164 0 2
165 0 2
166 1 2
167 1 2
168 0 2
169 0 2
170 1 2
171 1 2
172 0 2
173 1 2
174 0 2
175 1 2
176 0 2
177 0 2
178 0 2
179 2 2
180 1 2
181 1 2
182 0 2
183 3 3
184 0 3
185 2 3
186 4 4
187 1 4
188 1 4
189 0 4
190 1 4
191 2 4
192 0 4
193 2 4
194 2 4
195 0 4
196 1 4
197 1 4
198 2 4
199 2 4
200 4 4
201 4 4
202 0 4
203 0 4
204 4 4
205 0 4
206 0 4
207 3 4
208 0 4
209 3 4
210 2 4
211 5 5
212 0 5
213 3 5
214 1 5
215 0 5
216 0 5
217 3 5
218 0 5
219 0 5
220 0 5
221 0 5
222 0 5
223 0 5
224 0 5
225 1 5
226 0 5
227 0 5
228 6 6
229 3 6
230 10 10
231 19 19
232 2 19
233 0 19
234 11 19
235 1 19
236 15 19
237 5 19
238 4 19
239 1 19
240 2 19
241 0 19
242 5 19
243 3 19
244 0 19
245 0 19
246 0 19
247 7 19
248 1 19
249 1 19
250 0 19
251 0 19
252 0 19
253 5 19
254 3 19
255 4 19
256 8 19
257 2 19
258 0 19
259 16 19
260 16 19
261 0 19
262 6 19
263 8 19
264 3 19
265 3 19
266 7 19
267 41 41
268 18 41
269 39 41
270 27 41
271 1 41
272 33 41
273 15 41
274 8 41
275 4 41
276 35 41
277 30 41
278 17 41
279 20 41
280 0 41
281 26 41
282 13 41
283 8 41
284 1 41
285 15 41
286 31 41
287 16 41
288 22 41
289 7 41
290 22 41
291 7 41
292 25 41
293 20 41
294 19 41
295 25 41
296 49 49
297 1 49
298 17 49
299 36 49
300 26 49
301 61 61
