1 0 0
2 0 0
3 1 1
4 0 1
5 1 1
6 0 1
7 0 1
8 0 1
9 0 1
10 0 1
11 0 1
12 0 1
13 0 1
14 1 1
15 0 1
16 1 1
17 1 1
18 1 1
19 1 1
20 0 1
21 0 1
22 0 1
23 0 1
24 0 1
25 0 1
26 1 1
27 0 1
28 0 1
29 0 1
30 0 1
31 0 1
32 0 1
33 0 1
34 1 1
35 1 1
36 0 1
37 1 1
38 1 1
39 0 1
40 0 1
41 1 1
42 0 1
43 1 1
44 0 1
45 2 2
46 2 2
47 1 2
48 0 2
49 4 4
50 0 4
51 2 4
52 0 4
53 1 4
54 1 4
55 1 4
56 1 4
57 1 4
58 2 4
59 1 4
60 0 4
61 0 4
62 0 4
63 5 5
64 0 5
65 0 5
66 1 5
67 1 5
68 1 5
69 3 5
70 1 5
71 3 5
72 0 5
73 4 5
74 1 5
75 4 5
76 4 5
77 4 5
78 1 5
79 2 5
80 4 5
81 2 5
82 5 5
83 1 5
84 4 5
85 3 5
86 3 5
87 2 5
88 5 5
89 1 5
90 4 5
91 3 5
92 4 5
93 5 5
94 0 5
95 3 5
96 5 5
97 2 5
98 0 5
99 4 5
100 3 5
101 2 5
102 0 5
103 3 5
104 15 15
105 18 18
106 21 21
107 1 21
108 23 23
109 8 23
110 19 23
111 2 23
112 8 23
113 15 23
114 4 23
115 12 23
116 36 36
117 14 36
118 13 36
119 25 36
120 1 36
121 4 36
122 12 36
123 5 36
124 15 36
125 40 40
126 12 40
127 0 40
128 21 40
129 4 40
130 8 40
131 6 40
132 17 40
133 16 40
134 33 40
135 5 40
136 13 40
137 11 40
138 3 40
139 4 40
140 17 40
141 10 40
142 12 40
143 6 40
144 28 40
145 13 40
146 16 40
147 0 40
148 24 40
149 31 40
150 22 40
151 28 40
152 26 40
153 18 40
154 18 40
155 21 40
156 14 40
157 33 40
158 22 40
159 14 40
160 9 40
161 18 40
162 40 40
163 22 40
164 19 40
165 11 40
166 42 42
167 26 42
168 20 42
169 3 42
170 47 47
171 64 64
172 28 64
173 19 64
174 16 64
175 13 64
176 22 64
177 7 64
178 18 64
179 19 64
180 15 64
181 30 64
182 28 64
183 12 64
184 3 64
185 28 64
186 41 64
187 15 64
188 9 64
189 6 64
190 28 64
191 19 64
192 24 64
193 19 64
194 30 64
195 49 64
196 23 64
197 17 64
198 18 64
199 36 64
200 28 64
201 17 64
202 33 64
203 10 64
204 17 64
205 19 64
206 17 64
207 19 64
208 39 64
209 48 64
210 20 64
211 24 64
212 29 64
213 22 64
214 29 64
215 16 64
216 61 64
217 0 64
218 18 64
219 18 64
220 42 64
221 19 64
222 18 64
223 28 64
224 14 64
225 19 64
226 22 64
227 31 64
228 12 64
229 35 64
230 27 64
231 21 64
232 21 64
233 21 64
234 16 64
235 28 64
236 31 64
237 26 64
238 32 64
239 15 64
240 46 64
241 19 64
242 31 64
243 67 67
244 25 67
245 27 67
246 38 67
247 28 67
248 19 67
249 30 67
250 23 67
251 65 67
252 19 67
253 52 67
254 31 67
255 33 67
256 22 67
257 28 67
258 18 67
259 36 67
260 31 67
261 64 67
262 33 67
263 7 67
264 29 67
265 6 67
266 28 67
267 35 67
268 15 67
269 29 67
270 38 67
271 46 67
272 50 67
273 42 67
274 2 67
275 25 67
276 45 67
277 21 67
278 27 67
279 24 67
280 31 67
281 27 67
282 29 67
283 32 67
284 26 67
285 34 67
286 25 67
287 16 67
288 33 67
289 24 67
290 13 67
291 24 67
292 64 67
293 23 67
294 8 67
295 19 67
296 31 67
297 33 67
298 14 67
299 34 67
300 11 67
301 70 70
