1 0 0
2 0 0
3 1 1
4 1 1
5 0 1
6 0 1
7 0 1
8 0 1
9 0 1
10 0 1
11 0 1
12 0 1
13 0 1
14 1 1
15 0 1
16 0 1
17 0 1
18 0 1
19 0 1
20 1 1
21 0 1
22 0 1
23 0 1
24 1 1
25 1 1
26 0 1
27 0 1
28 0 1
29 0 1
30 1 1
31 0 1
32 2 2
33 0 2
34 1 2
35 0 2
36 1 2
37 1 2
38 0 2
39 0 2
40 1 2
41 0 2
42 1 2
43 0 2
44 0 2
45 0 2
46 1 2
47 0 2
48 0 2
49 1 2
50 2 2
51 0 2
52 3 3
53 1 3
54 0 3
55 0 3
56 0 3
57 0 3
58 1 3
59 1 3
60 1 3
61 0 3
62 0 3
63 0 3
64 1 3
65 1 3
66 4 4
67 0 4
68 1 4
69 0 4
70 0 4
71 2 4
72 2 4
73 0 4
74 2 4
75 1 4
76 0 4
77 0 4
78 2 4
79 1 4
80 1 4
81 1 4
82 1 4
83 1 4
84 0 4
85 0 4
86 0 4
87 0 4
88 2 4
89 1 4
90 1 4
91 0 4
92 0 4
93 2 4
94 1 4
95 0 4
96 2 4
97 5 5
98 0 5
99 0 5
100 1 5
101 1 5
102 3 5
103 1 5
104 0 5
105 6 6
106 1 6
107 4 6
108 6 6
109 6 6
110 0 6
111 44 44
112 0 44
113 0 44
114 2 44
115 0 44
116 0 44
117 2 44
118 1 44
119 0 44
120 0 44
121 7 44
122 0 44
123 23 44
124 0 44
125 20 44
126 1 44
127 0 44
128 2 44
129 3 44
130 4 44
131 0 44
132 2 44
133 9 44
134 4 44
135 1 44
136 0 44
137 0 44
138 0 44
139 0 44
140 4 44
141 0 44
142 0 44
143 19 44
144 2 44
145 1 44
146 2 44
147 0 44
148 2 44
149 9 44
150 15 44
151 0 44
152 3 44
153 14 44
154 0 44
155 32 44
156 8 44
157 1 44
158 38 44
159 7 44
160 19 44
161 13 44
162 33 44
163 6 44
164 56 56
165 37 56
166 33 56
167 29 56
168 12 56
169 37 56
170 36 56
171 23 56
172 19 56
173 77 77
174 51 77
175 0 77
176 14 77
177 19 77
178 17 77
179 9 77
180 37 77
181 20 77
182 29 77
183 28 77
184 25 77
185 31 77
186 23 77
187 29 77
188 39 77
189 31 77
190 12 77
191 24 77
192 13 77
193 21 77
194 16 77
195 12 77
196 13 77
197 23 77
198 40 77
199 19 77
200 10 77
201 20 77
202 24 77
203 37 77
204 67 77
205 14 77
206 16 77
207 19 77
208 19 77
209 28 77
210 30 77
211 23 77
212 13 77
213 31 77
214 11 77
215 23 77
216 37 77
217 16 77
218 26 77
219 54 77
220 25 77
221 36 77
222 17 77
223 26 77
224 35 77
225 39 77
226 22 77
227 31 77
228 6 77
229 13 77
230 17 77
231 24 77
232 2 77
233 28 77
234 31 77
235 16 77
236 41 77
237 21 77
238 32 77
239 31 77
240 5 77
241 36 77
242 19 77
243 12 77
244 10 77
245 17 77
246 35 77
247 25 77
248 41 77
249 23 77
250 60 77
251 53 77
252 16 77
253 37 77
254 24 77
255 16 77
256 32 77
257 17 77
258 51 77
259 21 77
260 22 77
261 44 77
262 14 77
263 20 77
264 20 77
265 38 77
266 20 77
267 21 77
268 24 77
269 14 77
270 23 77
271 13 77
272 26 77
273 2 77
274 39 77
275 20 77
276 43 77
277 51 77
278 25 77
279 21 77
280 27 77
281 33 77
282 31 77
283 25 77
284 26 77
285 17 77
286 32 77
287 13 77
288 30 77
289 28 77
290 13 77
291 23 77
292 24 77
293 11 77
294 37 77
295 41 77
296 6 77
297 37 77
298 31 77
299 26 77
300 17 77
301 9 77
