1 0 0
2 0 0
3 0 0
4 0 0
5 0 0
6 0 0
7 0 0
8 1 1
9 0 1
10 0 1
11 0 1
12 1 1
13 0 1
14 2 2
15 0 2
16 0 2
17 0 2
18 0 2
19 0 2
20 0 2
21 1 2
22 0 2
23 0 2
24 1 2
25 0 2
26 0 2
27 0 2
28 1 2
29 1 2
30 0 2
31 0 2
32 1 2
33 0 2
34 0 2
35 1 2
36 1 2
37 0 2
38 1 2
39 0 2
40 3 3
41 0 3
42 0 3
43 3 3
44 0 3
45 1 3
46 1 3
47 1 3
48 0 3
49 0 3
50 0 3
51 0 3
52 2 3
53 1 3
54 3 3
55 0 3
56 2 3
57 0 3
58 0 3
59 1 3
60 1 3
61 1 3
62 2 3
63 0 3
64 1 3
65 1 3
66 2 3
67 0 3
68 2 3
69 2 3
70 0 3
71 1 3
72 5 5
73 2 5
74 3 5
75 0 5
76 0 5
77 2 5
78 1 5
79 5 5
80 1 5
81 2 5
82 3 5
83 2 5
84 1 5
85 7 7
86 4 7
87 1 7
88 2 7
89 7 7
90 1 7
91 2 7
92 5 7
93 4 7
94 7 7
95 2 7
96 6 7
97 1 7
98 6 7
99 9 9
100 0 9
101 6 9
102 2 9
103 0 9
104 0 9
105 5 9
106 11 11
107 7 11
108 2 11
109 0 11
110 0 11
111 0 11
112 15 15
113 9 15
114 25 25
115 23 25
116 1 25
117 0 25
118 5 25
119 1 25
120 10 25
121 2 25
122 0 25
123 0 25
124 13 25
125 9 25
126 0 25
127 3 25
128 20 25
129 10 25
130 9 25
131 0 25
132 20 25
133 8 25
134 5 25
135 24 25
136 5 25
137 27 27
138 44 44
139 3 44
140 0 44
141 14 44
142 11 44
143 14 44
144 23 44
145 27 44
146 12 44
147 40 44
148 43 44
149 15 44
150 27 44
151 9 44
152 1 44
153 0 44
154 0 44
155 20 44
156 29 44
157 22 44
158 33 44
159 33 44
160 21 44
161 7 44
162 9 44
163 37 44
164 31 44
165 38 44
166 30 44
167 29 44
168 15 44
169 36 44
170 18 44
171 30 44
172 11 44
173 22 44
174 27 44
175 29 44
176 21 44
177 42 44
178 25 44
179 62 62
180 32 62
181 14 62
182 24 62
183 23 62
184 31 62
185 34 62
186 20 62
187 1 62
188 40 62
189 1 62
190 47 62
191 20 62
192 32 62
193 25 62
194 17 62
195 30 62
196 8 62
197 45 62
198 46 62
199 43 62
200 24 62
201 19 62
202 20 62
203 21 62
204 10 62
205 13 62
206 27 62
207 21 62
208 25 62
209 31 62
210 17 62
211 42 62
212 27 62
213 31 62
214 33 62
215 24 62
216 21 62
217 34 62
218 7 62
219 14 62
220 5 62
221 25 62
222 22 62
223 20 62
224 29 62
225 49 62
226 32 62
227 23 62
228 23 62
229 17 62
230 21 62
231 27 62
232 30 62
233 28 62
234 37 62
235 15 62
236 31 62
237 27 62
238 49 62
239 48 62
240 18 62
241 13 62
242 42 62
243 31 62
244 21 62
245 29 62
246 14 62
247 25 62
248 38 62
249 23 62
250 23 62
251 10 62
252 19 62
253 46 62
254 28 62
255 27 62
256 27 62
257 39 62
258 32 62
259 16 62
260 18 62
261 20 62
262 25 62
263 33 62
264 50 62
265 34 62
266 47 62
267 15 62
268 18 62
269 21 62
270 32 62
271 17 62
272 23 62
273 17 62
274 30 62
275 55 62
276 24 62
277 11 62
278 13 62
279 24 62
280 21 62
281 14 62
282 18 62
283 19 62
284 27 62
285 12 62
286 8 62
287 10 62
288 30 62
289 4 62
290 23 62
291 23 62
292 9 62
293 5 62
294 11 62
295 32 62
296 30 62
297 15 62
298 7 62
299 33 62
300 17 62
301 50 62
