1 0 0
2 1 1
3 5 5
4 0 5
5 0 5
6 0 5
7 1 5
8 0 5
9 2 5
10 0 5
11 2 5
12 1 5
13 3 5
14 2 5
15 2 5
16 1 5
17 2 5
18 9 9
19 0 9
20 13 13
21 2 13
22 3 13
23 1 13
24 1 13
25 1 13
26 4 13
27 1 13
28 2 13
29 2 13
30 1 13
31 3 13
32 2 13
33 1 13
34 4 13
35 1 13
36 1 13
37 3 13
38 3 13
39 2 13
40 1 13
41 3 13
42 1 13
43 7 13
44 1 13
45 2 13
46 0 13
47 1 13
48 1 13
49 0 13
50 1 13
51 2 13
52 0 13
53 1 13
54 1 13
55 4 13
56 2 13
57 0 13
58 1 13
59 3 13
60 2 13
61 1 13
62 2 13
63 5 13
64 3 13
65 5 13
66 0 13
67 1 13
68 2 13
69 0 13
70 1 13
71 6 13
72 1 13
73 1 13
74 1 13
75 0 13
76 3 13
77 1 13
78 1 13
79 2 13
80 2 13
81 5 13
82 0 13
83 6 13
84 0 13
85 1 13
86 2 13
87 0 13
88 0 13
89 0 13
90 1 13
91 2 13
92 1 13
93 0 13
94 1 13
95 2 13
96 0 13
97 1 13
98 0 13
99 3 13
100 0 13
101 0 13
102 2 13
103 0 13
104 0 13
105 0 13
106 0 13
107 1 13
108 0 13
109 1 13
110 0 13
111 0 13
112 0 13
113 0 13
114 0 13
115 0 13
116 0 13
117 0 13
118 0 13
119 0 13
120 0 13
121 0 13
122 3 13
123 0 13
124 0 13
125 0 13
126 0 13
127 0 13
128 1 13
129 0 13
130 0 13
131 2 13
132 0 13
133 0 13
134 0 13
135 0 13
136 0 13
137 0 13
138 0 13
139 0 13
140 1 13
141 0 13
142 0 13
143 0 13
144 0 13
145 0 13
146 0 13
147 0 13
148 0 13
149 0 13
150 0 13
151 0 13
152 0 13
153 0 13
154 0 13
155 0 13
156 1 13
157 2 13
158 0 13
159 0 13
160 0 13
161 0 13
162 0 13
163 2 13
164 0 13
165 0 13
166 1 13
167 0 13
168 1 13
169 1 13
170 1 13
171 0 13
172 3 13
173 0 13
174 0 13
175 0 13
176 0 13
177 2 13
178 2 13
179 4 13
180 1 13
181 9 13
182 0 13
183 0 13
184 0 13
185 0 13
186 1 13
187 3 13
188 15 15
189 3 15
190 0 15
191 4 15
192 2 15
193 0 15
194 0 15
195 2 15
196 2 15
197 0 15
198 0 15
199 16 16
200 4 16
201 16 16
202 0 16
203 1 16
204 0 16
205 3 16
206 3 16
207 1 16
208 0 16
209 0 16
210 0 16
211 2 16
212 7 16
213 8 16
214 56 56
215 24 56
216 3 56
217 10 56
218 2 56
219 9 56
220 0 56
221 5 56
222 0 56
223 13 56
224 15 56
225 5 56
226 17 56
227 20 56
228 0 56
229 0 56
230 2 56
231 17 56
232 6 56
233 2 56
234 1 56
235 0 56
236 1 56
237 15 56
238 0 56
239 3 56
240 0 56
241 0 56
242 4 56
243 0 56
244 4 56
245 3 56
246 2 56
247 2 56
248 0 56
249 0 56
250 5 56
251 24 56
252 25 56
253 11 56
254 14 56
255 23 56
256 41 56
257 0 56
258 6 56
259 0 56
260 5 56
261 0 56
262 1 56
263 0 56
264 29 56
265 3 56
266 54 56
267 16 56
268 12 56
269 23 56
270 38 56
271 51 56
272 47 56
273 33 56
274 18 56
275 22 56
276 1 56
277 0 56
278 0 56
279 19 56
280 10 56
281 18 56
282 2 56
283 14 56
284 18 56
285 20 56
286 38 56
287 12 56
288 21 56
289 8 56
290 7 56
291 56 56
292 11 56
293 29 56
294 11 56
295 22 56
296 27 56
297 33 56
298 45 56
299 42 56
300 33 56
301 20 56
