1 3 3
2 1 3
3 4 4
4 1 4
5 0 4
6 2 4
7 1 4
8 1 4
9 6 6
10 3 6
11 0 6
12 0 6
13 0 6
14 0 6
15 1 6
16 3 6
17 2 6
18 2 6
19 1 6
20 1 6
21 0 6
22 0 6
23 0 6
24 1 6
25 1 6
26 5 6
27 6 6
28 10 10
29 1 10
30 2 10
31 1 10
32 2 10
33 1 10
34 4 10
35 1 10
36 4 10
37 0 10
38 0 10
39 3 10
40 2 10
41 1 10
42 5 10
43 1 10
44 2 10
45 6 10
46 3 10
47 4 10
48 1 10
49 4 10
50 2 10
51 2 10
52 4 10
53 9 10
54 0 10
55 0 10
56 0 10
57 1 10
58 3 10
59 4 10
60 1 10
61 2 10
62 1 10
63 0 10
64 2 10
65 5 10
66 4 10
67 2 10
68 0 10
69 3 10
70 2 10
71 4 10
72 0 10
73 1 10
74 6 10
75 6 10
76 4 10
77 0 10
78 2 10
79 1 10
80 0 10
81 1 10
82 0 10
83 1 10
84 0 10
85 0 10
86 0 10
87 0 10
88 0 10
89 0 10
90 0 10
91 0 10
92 0 10
93 0 10
94 0 10
95 0 10
96 0 10
97 0 10
98 0 10
99 0 10
100 3 10
101 0 10
102 0 10
103 0 10
104 0 10
105 0 10
106 0 10
107 2 10
108 0 10
109 0 10
110 0 10
111 0 10
112 0 10
113 0 10
114 0 10
115 0 10
116 0 10
117 1 10
118 0 10
119 0 10
120 0 10
121 0 10
122 0 10
123 0 10
124 0 10
125 0 10
126 0 10
127 1 10
128 1 10
129 0 10
130 0 10
131 0 10
132 0 10
133 0 10
134 0 10
135 0 10
136 0 10
137 0 10
138 0 10
139 0 10
140 0 10
141 0 10
142 0 10
143 0 10
144 0 10
145 3 10
146 0 10
147 0 10
148 0 10
149 0 10
150 0 10
151 0 10
152 0 10
153 0 10
154 0 10
155 1 10
156 0 10
157 1 10
158 0 10
159 0 10
160 0 10
161 0 10
162 0 10
163 0 10
164 1 10
165 1 10
166 0 10
167 0 10
168 0 10
169 0 10
170 0 10
171 0 10
172 0 10
173 1 10
174 0 10
175 0 10
176 0 10
177 0 10
178 0 10
179 1 10
180 0 10
181 0 10
182 0 10
183 0 10
184 0 10
185 0 10
186 0 10
187 0 10
188 0 10
189 0 10
190 0 10
191 0 10
192 0 10
193 0 10
194 0 10
195 1 10
196 0 10
197 1 10
198 0 10
199 0 10
200 0 10
201 0 10
202 0 10
203 0 10
204 0 10
205 0 10
206 0 10
207 0 10
208 0 10
209 0 10
210 0 10
211 0 10
212 0 10
213 0 10
214 0 10
215 0 10
216 0 10
217 0 10
218 0 10
219 0 10
220 0 10
221 0 10
222 1 10
223 5 10
224 0 10
225 0 10
226 1 10
227 0 10
228 2 10
229 0 10
230 0 10
231 2 10
232 0 10
233 0 10
234 0 10
235 0 10
236 0 10
237 4 10
238 24 24
239 24 24
240 2 24
241 7 24
242 0 24
243 3 24
244 0 24
245 0 24
246 1 24
247 1 24
248 3 24
249 18 24
250 2 24
251 0 24
252 2 24
253 1 24
254 19 24
255 11 24
256 1 24
257 0 24
258 4 24
259 12 24
260 27 27
261 25 27
262 5 27
263 16 27
264 28 28
265 6 28
266 8 28
267 11 28
268 8 28
269 2 28
270 9 28
271 0 28
272 3 28
273 0 28
274 15 28
275 5 28
276 7 28
277 25 28
278 29 29
279 25 29
280 35 35
281 5 35
282 19 35
283 10 35
284 29 35
285 4 35
286 25 35
287 14 35
288 20 35
289 10 35
290 15 35
291 11 35
292 36 36
293 20 36
294 34 36
295 11 36
296 54 54
297 17 54
298 22 54
299 17 54
300 28 54
301 0 54
