1 2 2
2 2 2
3 1 2
4 2 2
5 1 2
6 1 2
7 1 2
8 2 2
9 4 4
10 1 4
11 1 4
12 0 4
13 4 4
14 0 4
15 2 4
16 1 4
17 2 4
18 1 4
19 0 4
20 2 4
21 3 4
22 1 4
23 0 4
24 0 4
25 1 4
26 7 7
27 5 7
28 3 7
29 0 7
30 8 8
31 1 8
32 5 8
33 1 8
34 2 8
35 1 8
36 0 8
37 4 8
38 14 14
39 5 14
40 7 14
41 6 14
42 1 14
43 1 14
44 4 14
45 5 14
46 3 14
47 0 14
48 9 14
49 13 14
50 1 14
51 0 14
52 0 14
53 0 14
54 0 14
55 6 14
56 4 14
57 3 14
58 3 14
59 6 14
60 5 14
61 4 14
62 9 14
63 2 14
64 8 14
65 0 14
66 7 14
67 15 15
68 0 15
69 0 15
70 0 15
71 5 15
72 4 15
73 2 15
74 0 15
75 1 15
76 3 15
77 3 15
78 3 15
79 0 15
80 3 15
81 0 15
82 2 15
83 0 15
84 6 15
85 1 15
86 0 15
87 11 15
88 0 15
89 1 15
90 0 15
91 5 15
92 0 15
93 16 16
94 0 16
95 1 16
96 1 16
97 1 16
98 0 16
99 2 16
100 0 16
101 0 16
102 0 16
103 8 16
104 1 16
105 0 16
106 1 16
107 0 16
108 0 16
109 4 16
110 0 16
111 1 16
112 3 16
113 1 16
114 1 16
115 3 16
116 0 16
117 0 16
118 1 16
119 0 16
120 7 16
121 0 16
122 0 16
123 0 16
124 0 16
125 0 16
126 0 16
127 0 16
128 0 16
129 0 16
130 0 16
131 1 16
132 0 16
133 0 16
134 0 16
135 0 16
136 0 16
137 1 16
138 1 16
139 3 16
140 1 16
141 0 16
142 0 16
143 0 16
144 1 16
145 0 16
146 0 16
147 1 16
148 0 16
149 0 16
150 0 16
151 0 16
152 0 16
153 1 16
154 1 16
155 0 16
156 1 16
157 2 16
158 0 16
159 0 16
160 0 16
161 0 16
162 0 16
163 1 16
164 0 16
165 0 16
166 0 16
167 0 16
168 4 16
169 0 16
170 0 16
171 0 16
172 1 16
173 0 16
174 0 16
175 0 16
176 0 16
177 0 16
178 1 16
179 0 16
180 0 16
181 1 16
182 1 16
183 0 16
184 1 16
185 1 16
186 0 16
187 5 16
188 0 16
189 0 16
190 0 16
191 4 16
192 1 16
193 0 16
194 0 16
195 0 16
196 0 16
197 1 16
198 1 16
199 0 16
200 0 16
201 1 16
202 2 16
203 1 16
204 0 16
205 3 16
206 0 16
207 1 16
208 0 16
209 0 16
210 1 16
211 23 23
212 17 23
213 4 23
214 0 23
215 0 23
216 0 23
217 1 23
218 1 23
219 1 23
220 0 23
221 1 23
222 0 23
223 0 23
224 1 23
225 10 23
226 6 23
227 4 23
228 17 23
229 8 23
230 12 23
231 0 23
232 0 23
233 4 23
234 27 27
235 3 27
236 1 27
237 23 27
238 1 27
239 18 27
240 0 27
241 21 27
242 23 27
243 35 35
244 1 35
245 23 35
246 18 35
247 3 35
248 2 35
249 1 35
250 0 35
251 0 35
252 9 35
253 5 35
254 24 35
255 4 35
256 0 35
257 33 35
258 18 35
259 11 35
260 7 35
261 6 35
262 11 35
263 36 36
264 22 36
265 5 36
266 0 36
267 2 36
268 31 36
269 10 36
270 14 36
271 36 36
272 16 36
273 10 36
274 30 36
275 15 36
276 11 36
277 30 36
278 32 36
279 34 36
280 42 42
281 28 42
282 24 42
283 37 42
284 10 42
285 22 42
286 18 42
287 24 42
288 39 42
289 27 42
290 21 42
291 60 60
292 36 60
293 39 60
294 15 60
295 21 60
296 17 60
297 36 60
298 44 60
299 29 60
300 53 60
301 26 60
