1 0 0
2 0 0
3 1 1
4 0 1
5 0 1
6 0 1
7 1 1
8 0 1
9 0 1
10 0 1
11 0 1
12 0 1
13 0 1
14 0 1
15 0 1
16 0 1
17 0 1
18 1 1
19 0 1
20 1 1
21 0 1
22 0 1
23 1 1
24 0 1
25 0 1
26 0 1
27 2 2
28 0 2
29 0 2
30 0 2
31 0 2
32 0 2
33 0 2
34 1 2
35 0 2
36 1 2
37 2 2
38 1 2
39 0 2
40 0 2
41 1 2
42 0 2
43 1 2
44 0 2
45 1 2
46 1 2
47 0 2
48 2 2
49 4 4
50 0 4
51 2 4
52 1 4
53 4 4
54 0 4
55 0 4
56 0 4
57 0 4
58 0 4
59 1 4
60 0 4
61 0 4
62 0 4
63 0 4
64 0 4
65 0 4
66 0 4
67 0 4
68 0 4
69 0 4
70 4 4
71 0 4
72 3 4
73 0 4
74 0 4
75 0 4
76 0 4
77 2 4
78 0 4
79 0 4
80 2 4
81 0 4
82 0 4
83 2 4
84 0 4
85 3 4
86 2 4
87 0 4
88 0 4
89 3 4
90 0 4
91 2 4
92 3 4
93 0 4
94 0 4
95 0 4
96 2 4
97 1 4
98 0 4
99 1 4
100 0 4
101 0 4
102 0 4
103 0 4
104 0 4
105 0 4
106 0 4
107 0 4
108 3 4
109 0 4
110 3 4
111 0 4
112 1 4
113 6 6
114 3 6
115 3 6
116 0 6
117 0 6
118 4 6
119 0 6
120 2 6
121 0 6
122 0 6
123 1 6
124 1 6
125 4 6
126 0 6
127 6 6
128 0 6
129 0 6
130 0 6
131 0 6
132 7 7
133 3 7
134 2 7
135 8 8
136 8 8
137 3 8
138 0 8
139 0 8
140 1 8
141 0 8
142 0 8
143 0 8
144 0 8
145 1 8
146 1 8
147 3 8
148 19 19
149 45 45
150 0 45
151 0 45
152 1 45
153 1 45
154 3 45
155 0 45
156 9 45
157 0 45
158 10 45
159 2 45
160 2 45
161 1 45
162 1 45
163 2 45
164 1 45
165 2 45
166 12 45
167 5 45
168 5 45
169 13 45
170 15 45
171 9 45
172 5 45
173 8 45
174 1 45
175 1 45
176 3 45
177 24 45
178 31 45
179 10 45
180 13 45
181 33 45
182 1 45
183 20 45
184 2 45
185 21 45
186 4 45
187 2 45
188 24 45
189 56 56
190 18 56
191 40 56
192 29 56
193 39 56
194 7 56
195 12 56
196 6 56
197 40 56
198 39 56
199 39 56
200 18 56
201 32 56
202 21 56
203 24 56
204 34 56
205 18 56
206 27 56
207 7 56
208 23 56
209 26 56
210 15 56
211 24 56
212 9 56
213 13 56
214 22 56
215 24 56
216 22 56
217 30 56
218 11 56
219 14 56
220 15 56
221 23 56
222 17 56
223 12 56
224 51 56
225 61 61
226 31 61
227 28 61
228 16 61
229 13 61
230 34 61
231 23 61
232 5 61
233 16 61
234 25 61
235 2 61
236 73 73
237 25 73
238 42 73
239 11 73
240 52 73
241 40 73
242 3 73
243 9 73
244 10 73
245 1 73
246 21 73
247 27 73
248 6 73
249 0 73
250 25 73
251 45 73
252 21 73
253 2 73
254 18 73
255 14 73
256 22 73
257 1 73
258 27 73
259 26 73
260 27 73
261 44 73
262 17 73
263 27 73
264 35 73
265 14 73
266 31 73
267 26 73
268 20 73
269 13 73
270 3 73
271 1 73
272 11 73
273 33 73
274 47 73
275 18 73
276 22 73
277 7 73
278 9 73
279 34 73
280 34 73
281 33 73
282 11 73
283 6 73
284 60 73
285 19 73
286 30 73
287 3 73
288 22 73
289 37 73
290 32 73
291 25 73
292 34 73
293 58 73
294 36 73
295 15 73
296 34 73
297 18 73
298 43 73
299 11 73
300 15 73
301 34 73
