1 1 1
2 0 1
3 0 1
4 0 1
5 0 1
6 0 1
7 0 1
8 0 1
9 0 1
10 1 1
11 0 1
12 1 1
13 0 1
14 1 1
15 0 1
16 0 1
17 0 1
18 0 1
19 0 1
20 0 1
21 1 1
22 0 1
23 0 1
24 1 1
25 0 1
26 1 1
27 0 1
28 0 1
29 0 1
30 0 1
31 0 1
32 1 1
33 1 1
34 0 1
35 0 1
36 1 1
37 1 1
38 1 1
39 1 1
40 1 1
41 1 1
42 0 1
43 0 1
44 0 1
45 0 1
46 0 1
47 1 1
48 0 1
49 1 1
50 0 1
51 1 1
52 0 1
53 1 1
54 1 1
55 1 1
56 0 1
57 1 1
58 0 1
59 0 1
60 0 1
61 0 1
62 1 1
63 0 1
64 0 1
65 0 1
66 0 1
67 0 1
68 0 1
69 1 1
70 1 1
71 0 1
72 0 1
73 0 1
74 0 1
75 0 1
76 0 1
77 1 1
78 0 1
79 0 1
80 0 1
81 1 1
82 0 1
83 1 1
84 1 1
85 1 1
86 1 1
87 1 1
88 1 1
89 4 4
90 0 4
91 0 4
92 2 4
93 0 4
94 0 4
95 2 4
96 7 7
97 5 7
98 3 7
99 0 7
100 3 7
101 0 7
102 0 7
103 0 7
104 0 7
105 1 7
106 1 7
107 0 7
108 1 7
109 0 7
110 0 7
111 1 7
112 1 7
113 0 7
114 0 7
115 2 7
116 0 7
117 0 7
118 0 7
119 0 7
120 0 7
121 0 7
122 0 7
123 1 7
124 0 7
125 0 7
126 0 7
127 0 7
128 0 7
129 0 7
130 2 7
131 1 7
132 6 7
133 0 7
134 2 7
135 0 7
136 2 7
137 1 7
138 0 7
139 0 7
140 0 7
141 1 7
142 1 7
143 3 7
144 2 7
145 5 7
146 0 7
147 0 7
148 0 7
149 2 7
150 11 11
151 0 11
152 0 11
153 3 11
154 7 11
155 0 11
156 0 11
157 0 11
158 3 11
159 8 11
160 3 11
161 0 11
162 0 11
163 10 11
164 0 11
165 0 11
166 2 11
167 9 11
168 4 11
169 3 11
170 11 11
171 2 11
172 8 11
173 0 11
174 16 16
175 41 41
176 16 41
177 1 41
178 22 41
179 12 41
180 0 41
181 30 41
182 13 41
183 1 41
184 2 41
185 6 41
186 4 41
187 2 41
188 28 41
189 19 41
190 30 41
191 45 45
192 4 45
193 15 45
194 2 45
195 24 45
196 23 45
197 30 45
198 15 45
199 17 45
200 31 45
201 0 45
202 21 45
203 21 45
204 23 45
205 40 45
206 1 45
207 24 45
208 30 45
209 20 45
210 16 45
211 25 45
212 4 45
213 11 45
214 12 45
215 32 45
216 27 45
217 11 45
218 32 45
219 23 45
220 32 45
221 23 45
222 20 45
223 31 45
224 23 45
225 36 45
226 23 45
227 35 45
228 24 45
229 26 45
230 58 58
231 39 58
232 35 58
233 23 58
234 49 58
235 25 58
236 25 58
237 34 58
238 9 58
239 34 58
240 25 58
241 30 58
242 29 58
243 20 58
244 33 58
245 21 58
246 25 58
247 44 58
248 12 58
249 19 58
250 18 58
251 30 58
252 4 58
253 3 58
254 1 58
255 15 58
256 15 58
257 0 58
258 34 58
259 6 58
260 33 58
261 25 58
262 27 58
263 40 58
264 49 58
265 50 58
266 70 70
267 60 70
268 34 70
269 23 70
270 21 70
271 7 70
272 31 70
273 29 70
274 31 70
275 38 70
276 8 70
277 34 70
278 36 70
279 10 70
280 42 70
281 15 70
282 7 70
283 6 70
284 29 70
285 0 70
286 32 70
287 15 70
288 15 70
289 22 70
290 21 70
291 31 70
292 17 70
293 16 70
294 10 70
295 46 70
296 15 70
297 37 70
298 15 70
299 23 70
300 43 70
301 33 70
