1 0 0
2 0 0
3 1 1
4 0 1
5 1 1
6 0 1
7 0 1
8 0 1
9 0 1
10 0 1
11 1 1
12 0 1
13 0 1
14 0 1
15 0 1
16 1 1
17 1 1
18 0 1
19 1 1
20 0 1
21 1 1
22 0 1
23 0 1
24 0 1
25 0 1
26 0 1
27 1 1
28 0 1
29 0 1
30 1 1
31 0 1
32 0 1
33 0 1
34 1 1
35 1 1
36 0 1
37 0 1
38 0 1
39 0 1
40 0 1
41 0 1
42 1 1
43 0 1
44 1 1
45 1 1
46 1 1
47 0 1
48 0 1
49 1 1
50 0 1
51 1 1
52 0 1
53 0 1
54 0 1
55 2 2
56 1 2
57 1 2
58 2 2
59 1 2
60 3 3
61 1 3
62 0 3
63 1 3
64 3 3
65 0 3
66 0 3
67 0 3
68 1 3
69 2 3
70 1 3
71 2 3
72 0 3
73 0 3
74 1 3
75 0 3
76 2 3
77 0 3
78 0 3
79 1 3
80 0 3
81 0 3
82 0 3
83 1 3
84 0 3
85 1 3
86 1 3
87 3 3
88 3 3
89 0 3
90 0 3
91 0 3
92 0 3
93 1 3
94 0 3
95 0 3
96 0 3
97 2 3
98 0 3
99 0 3
100 2 3
101 0 3
102 0 3
103 0 3
104 5 5
105 0 5
106 1 5
107 6 6
108 1 6
109 3 6
110 5 6
111 12 12
112 0 12
113 0 12
114 0 12
115 1 12
116 0 12
117 2 12
118 8 12
119 0 12
120 0 12
121 6 12
122 5 12
123 0 12
124 6 12
125 4 12
126 4 12
127 3 12
128 0 12
129 0 12
130 1 12
131 4 12
132 0 12
133 2 12
134 3 12
135 21 21
136 0 21
137 0 21
138 1 21
139 8 21
140 34 34
141 10 34
142 1 34
143 1 34
144 2 34
145 3 34
146 4 34
147 16 34
148 13 34
149 1 34
150 43 43
151 27 43
152 8 43
153 12 43
154 15 43
155 1 43
156 6 43
157 10 43
158 23 43
159 47 47
160 12 47
161 21 47
162 6 47
163 54 54
164 5 54
165 5 54
166 3 54
167 20 54
168 9 54
169 30 54
170 5 54
171 16 54
172 18 54
173 33 54
174 5 54
175 9 54
176 31 54
177 14 54
178 26 54
179 26 54
180 22 54
181 9 54
182 23 54
183 31 54
184 24 54
185 17 54
186 29 54
187 69 69
188 15 69
189 1 69
190 0 69
191 15 69
192 10 69
193 12 69
194 29 69
195 21 69
196 18 69
197 39 69
198 13 69
199 19 69
200 14 69
201 17 69
202 22 69
203 36 69
204 31 69
205 24 69
206 24 69
207 25 69
208 8 69
209 17 69
210 4 69
211 39 69
212 39 69
213 23 69
214 38 69
215 20 69
216 28 69
217 36 69
218 4 69
219 7 69
220 11 69
221 19 69
222 15 69
223 37 69
224 25 69
225 21 69
226 13 69
227 9 69
228 20 69
229 32 69
230 78 78
231 15 78
232 5 78
233 17 78
234 2 78
235 43 78
236 19 78
237 35 78
238 52 78
239 48 78
240 34 78
241 18 78
242 30 78
243 33 78
244 18 78
245 18 78
246 18 78
247 12 78
248 39 78
249 30 78
250 17 78
251 12 78
252 45 78
253 33 78
254 18 78
255 29 78
256 10 78
257 27 78
258 21 78
259 31 78
260 8 78
261 44 78
262 15 78
263 25 78
264 46 78
265 25 78
266 12 78
267 25 78
268 10 78
269 28 78
270 33 78
271 3 78
272 0 78
273 21 78
274 15 78
275 20 78
276 29 78
277 12 78
278 7 78
279 13 78
280 36 78
281 24 78
282 30 78
283 17 78
284 48 78
285 28 78
286 41 78
287 28 78
288 17 78
289 15 78
290 21 78
291 15 78
292 14 78
293 17 78
294 18 78
295 39 78
296 3 78
297 19 78
298 14 78
299 7 78
300 25 78
301 20 78
