1 1 1
2 0 1
3 1 1
4 0 1
5 0 1
6 0 1
7 0 1
8 0 1
9 0 1
10 1 1
11 0 1
12 0 1
13 0 1
14 1 1
15 1 1
16 0 1
17 0 1
18 0 1
19 0 1
20 0 1
21 0 1
22 1 1
23 1 1
24 0 1
25 0 1
26 0 1
27 1 1
28 0 1
29 0 1
30 1 1
31 0 1
32 0 1
33 0 1
34 0 1
35 0 1
36 0 1
37 0 1
38 0 1
39 0 1
40 0 1
41 2 2
42 1 2
43 0 2
44 0 2
45 1 2
46 1 2
47 0 2
48 0 2
49 0 2
50 1 2
51 0 2
52 0 2
53 0 2
54 1 2
55 2 2
56 0 2
57 3 3
58 0 3
59 2 3
60 1 3
61 1 3
62 0 3
63 0 3
64 1 3
65 2 3
66 2 3
67 2 3
68 1 3
69 0 3
70 0 3
71 2 3
72 1 3
73 3 3
74 5 5
75 3 5
76 2 5
77 2 5
78 2 5
79 1 5
80 0 5
81 2 5
82 4 5
83 3 5
84 2 5
85 0 5
86 3 5
87 2 5
88 0 5
89 1 5
90 1 5
91 2 5
92 6 6
93 0 6
94 0 6
95 1 6
96 0 6
97 3 6
98 5 6
99 10 10
100 0 10
101 2 10
102 2 10
103 0 10
104 1 10
105 2 10
106 0 10
107 0 10
108 2 10
109 0 10
110 11 11
111 5 11
112 2 11
113 4 11
114 3 11
115 0 11
116 0 11
117 4 11
118 7 11
119 0 11
120 7 11
121 8 11
122 0 11
123 9 11
124 17 17
125 19 19
126 17 19
127 16 19
128 0 19
129 14 19
130 6 19
131 12 19
132 15 19
133 23 23
134 5 23
135 26 26
136 8 26
137 29 29
138 37 37
139 21 37
140 25 37
141 11 37
142 19 37
143 33 37
144 24 37
145 11 37
146 32 37
147 23 37
148 15 37
149 15 37
150 31 37
151 54 54
152 35 54
153 23 54
154 6 54
155 18 54
156 45 54
157 23 54
158 24 54
159 2 54
160 16 54
161 15 54
162 17 54
163 13 54
164 9 54
165 13 54
166 43 54
167 11 54
168 38 54
169 10 54
170 15 54
171 17 54
172 17 54
173 23 54
174 20 54
175 33 54
176 11 54
177 30 54
178 13 54
179 14 54
180 36 54
181 24 54
182 17 54
183 44 54
184 30 54
185 13 54
186 5 54
187 17 54
188 19 54
189 24 54
190 68 68
191 43 68
192 23 68
193 20 68
194 12 68
195 21 68
196 32 68
197 22 68
198 37 68
199 33 68
200 16 68
201 39 68
202 34 68
203 16 68
204 18 68
205 16 68
206 4 68
207 22 68
208 33 68
209 4 68
210 23 68
211 11 68
212 15 68
213 3 68
214 12 68
215 10 68
216 14 68
217 29 68
218 16 68
219 13 68
220 16 68
221 12 68
222 18 68
223 31 68
224 14 68
225 24 68
226 70 70
227 21 70
228 19 70
229 28 70
230 21 70
231 37 70
232 16 70
233 21 70
234 35 70
235 23 70
236 23 70
237 15 70
238 13 70
239 25 70
240 10 70
241 3 70
242 18 70
243 18 70
244 18 70
245 19 70
246 20 70
247 27 70
248 27 70
249 1 70
250 37 70
251 30 70
252 41 70
253 26 70
254 16 70
255 15 70
256 32 70
257 25 70
258 40 70
259 11 70
260 41 70
261 37 70
262 14 70
263 29 70
264 26 70
265 19 70
266 8 70
267 14 70
268 43 70
269 28 70
270 13 70
271 56 70
272 27 70
273 12 70
274 2 70
275 25 70
276 65 70
277 25 70
278 42 70
279 21 70
280 13 70
281 31 70
282 37 70
283 20 70
284 44 70
285 56 70
286 37 70
287 12 70
288 9 70
289 22 70
290 8 70
291 28 70
292 50 70
293 41 70
294 22 70
295 8 70
296 48 70
297 24 70
298 33 70
299 30 70
300 32 70
301 19 70
