1 0 0
2 0 0
3 0 0
4 0 0
5 0 0
6 0 0
7 0 0
8 0 0
9 0 0
10 0 0
11 1 1
12 0 1
13 0 1
14 0 1
15 0 1
16 0 1
17 0 1
18 1 1
19 0 1
20 0 1
21 0 1
22 1 1
23 0 1
24 0 1
25 0 1
26 0 1
27 0 1
28 0 1
29 0 1
30 0 1
31 1 1
32 0 1
33 1 1
34 1 1
35 1 1
36 1 1
37 0 1
38 1 1
39 1 1
40 1 1
41 1 1
42 2 2
43 2 2
44 1 2
45 0 2
46 1 2
47 2 2
48 1 2
49 2 2
50 1 2
51 1 2
52 2 2
53 0 2
54 0 2
55 1 2
56 2 2
57 1 2
58 0 2
59 2 2
60 0 2
61 0 2
62 3 3
63 0 3
64 3 3
65 1 3
66 1 3
67 0 3
68 0 3
69 1 3
70 2 3
71 0 3
72 0 3
73 0 3
74 2 3
75 1 3
76 0 3
77 0 3
78 0 3
79 3 3
80 1 3
81 1 3
82 2 3
83 0 3
84 1 3
85 2 3
86 0 3
87 0 3
88 1 3
89 0 3
90 2 3
91 2 3
92 2 3
93 0 3
94 3 3
95 3 3
96 0 3
97 0 3
98 2 3
99 2 3
100 1 3
101 0 3
102 1 3
103 1 3
104 0 3
105 0 3
106 0 3
107 18 18
108 5 18
109 3 18
110 25 25
111 0 25
112 0 25
113 24 25
114 6 25
115 2 25
116 3 25
117 1 25
118 1 25
119 9 25
120 3 25
121 1 25
122 0 25
123 14 25
124 5 25
125 0 25
126 6 25
127 38 38
128 6 38
129 2 38
130 11 38
131 10 38
132 27 38
133 5 38
134 10 38
135 3 38
136 1 38
137 21 38
138 28 38
139 3 38
140 20 38
141 9 38
142 7 38
143 8 38
144 9 38
145 19 38
146 24 38
147 17 38
148 3 38
149 15 38
150 13 38
151 1 38
152 0 38
153 0 38
154 17 38
155 23 38
156 16 38
157 16 38
158 9 38
159 22 38
160 13 38
161 25 38
162 21 38
163 25 38
164 5 38
165 20 38
166 7 38
167 4 38
168 39 39
169 26 39
170 28 39
171 1 39
172 11 39
173 22 39
174 15 39
175 35 39
176 24 39
177 12 39
178 28 39
179 12 39
180 0 39
181 21 39
182 19 39
183 36 39
184 30 39
185 19 39
186 21 39
187 18 39
188 0 39
189 32 39
190 34 39
191 15 39
192 23 39
193 47 47
194 16 47
195 14 47
196 8 47
197 12 47
198 27 47
199 8 47
200 26 47
201 2 47
202 19 47
203 0 47
204 13 47
205 0 47
206 1 47
207 1 47
208 13 47
209 43 47
210 29 47
211 16 47
212 35 47
213 14 47
214 0 47
215 19 47
216 32 47
217 18 47
218 38 47
219 33 47
220 17 47
221 27 47
222 7 47
223 31 47
224 13 47
225 9 47
226 33 47
227 12 47
228 12 47
229 24 47
230 27 47
231 31 47
232 30 47
233 33 47
234 23 47
235 73 73
236 28 73
237 17 73
238 17 73
239 29 73
240 19 73
241 39 73
242 51 73
243 25 73
244 32 73
245 26 73
246 40 73
247 18 73
248 5 73
249 25 73
250 18 73
251 35 73
252 38 73
253 37 73
254 11 73
255 24 73
256 16 73
257 17 73
258 36 73
259 29 73
260 4 73
261 26 73
262 35 73
263 18 73
264 38 73
265 8 73
266 9 73
267 22 73
268 18 73
269 21 73
270 21 73
271 35 73
272 27 73
273 0 73
274 17 73
275 53 73
276 22 73
277 32 73
278 50 73
279 37 73
280 6 73
281 24 73
282 28 73
283 46 73
284 38 73
285 27 73
286 17 73
287 18 73
288 38 73
289 26 73
290 47 73
291 22 73
292 15 73
293 50 73
294 99 99
295 55 99
296 9 99
297 20 99
298 38 99
299 27 99
300 48 99
301 39 99
302 27 99
303 22 99
304 37 99
305 28 99
306 53 99
307 14 99
308 37 99
309 66 99
310 19 99
311 25 99
312 19 99
313 33 99
314 12 99
315 25 99
316 46 99
317 30 99
318 5 99
319 25 99
320 32 99
321 33 99
322 28 99
323 12 99
324 36 99
325 14 99
326 24 99
327 28 99
328 34 99
329 17 99
330 41 99
331 19 99
332 11 99
333 15 99
334 29 99
335 14 99
336 60 99
337 33 99
338 8 99
339 31 99
340 11 99
341 17 99
342 5 99
343 0 99
344 54 99
345 15 99
346 15 99
347 23 99
348 13 99
349 17 99
350 8 99
351 35 99
352 28 99
353 20 99
354 25 99
355 15 99
356 21 99
357 13 99
358 10 99
359 29 99
360 13 99
361 12 99
362 16 99
363 18 99
364 20 99
365 40 99
366 21 99
367 28 99
368 15 99
369 34 99
370 34 99
371 40 99
372 25 99
373 13 99
374 25 99
375 48 99
376 36 99
377 46 99
378 30 99
379 30 99
380 22 99
381 9 99
382 31 99
383 13 99
384 44 99
385 37 99
386 30 99
387 35 99
388 9 99
389 20 99
390 42 99
391 36 99
392 33 99
393 17 99
394 13 99
395 30 99
396 28 99
397 14 99
398 45 99
399 23 99
400 37 99
401 31 99
402 38 99
403 23 99
404 6 99
405 15 99
406 19 99
407 17 99
408 52 99
409 48 99
410 35 99
411 23 99
412 34 99
413 43 99
414 35 99
415 61 99
416 45 99
417 29 99
418 15 99
419 24 99
420 28 99
421 17 99
422 22 99
423 22 99
424 50 99
425 15 99
426 9 99
427 25 99
428 18 99
429 12 99
430 18 99
431 4 99
432 9 99
433 23 99
434 11 99
435 6 99
436 8 99
437 41 99
438 22 99
439 12 99
440 33 99
441 30 99
442 27 99
443 28 99
444 30 99
445 19 99
446 12 99
447 11 99
448 22 99
449 18 99
450 28 99
451 28 99
452 47 99
453 23 99
454 66 99
455 36 99
456 32 99
457 28 99
458 48 99
459 20 99
460 54 99
461 40 99
462 79 99
463 9 99
464 25 99
465 20 99
466 75 99
467 10 99
468 18 99
469 25 99
470 17 99
471 42 99
472 2 99
473 22 99
474 22 99
475 49 99
476 39 99
477 22 99
478 39 99
479 17 99
480 27 99
481 29 99
482 18 99
483 15 99
484 10 99
485 16 99
486 30 99
487 21 99
488 21 99
489 15 99
490 55 99
491 34 99
492 20 99
493 23 99
494 10 99
495 30 99
496 38 99
497 26 99
498 25 99
499 21 99
500 23 99
501 21 99
502 20 99
503 32 99
504 35 99
505 24 99
506 22 99
507 19 99
508 31 99
509 29 99
510 20 99
511 9 99
512 15 99
513 11 99
514 40 99
515 32 99
516 21 99
517 56 99
518 25 99
519 20 99
520 78 99
521 35 99
522 18 99
523 31 99
524 21 99
525 45 99
526 15 99
527 56 99
528 37 99
529 33 99
530 54 99
531 36 99
532 27 99
533 18 99
534 25 99
535 17 99
536 24 99
537 60 99
538 28 99
539 17 99
540 11 99
541 45 99
542 31 99
543 9 99
544 21 99
545 38 99
546 49 99
547 51 99
548 37 99
549 31 99
550 30 99
551 20 99
552 24 99
553 44 99
554 14 99
555 24 99
556 20 99
557 29 99
558 23 99
559 33 99
560 51 99
561 16 99
562 29 99
563 43 99
564 32 99
565 40 99
566 27 99
567 29 99
568 35 99
569 30 99
570 10 99
571 12 99
572 11 99
573 17 99
574 15 99
575 66 99
576 11 99
577 13 99
578 23 99
579 25 99
580 31 99
581 30 99
582 16 99
583 31 99
584 55 99
585 20 99
586 32 99
587 32 99
588 42 99
589 31 99
590 5 99
591 61 99
592 23 99
593 22 99
594 30 99
595 26 99
596 45 99
597 41 99
598 38 99
599 46 99
600 15 99
601 25 99
602 26 99
603 42 99
604 38 99
605 39 99
606 32 99
607 41 99
608 12 99
609 16 99
610 25 99
611 25 99
612 54 99
613 21 99
614 28 99
615 13 99
616 17 99
617 33 99
618 43 99
619 23 99
620 21 99
621 12 99
622 50 99
623 11 99
624 27 99
625 28 99
626 13 99
627 32 99
628 13 99
629 37 99
630 27 99
631 21 99
632 27 99
633 50 99
634 28 99
635 25 99
636 12 99
637 28 99
638 26 99
639 46 99
640 34 99
641 20 99
642 26 99
643 12 99
644 33 99
645 18 99
646 52 99
647 26 99
648 28 99
649 34 99
650 51 99
651 24 99
652 58 99
653 19 99
654 56 99
655 21 99
656 44 99
657 19 99
658 23 99
659 9 99
660 37 99
661 38 99
662 30 99
663 28 99
664 33 99
665 30 99
666 46 99
667 22 99
668 9 99
669 37 99
670 45 99
671 24 99
672 45 99
673 59 99
674 22 99
675 19 99
676 41 99
677 27 99
678 31 99
679 19 99
680 30 99
681 25 99
682 8 99
683 49 99
684 15 99
685 33 99
686 16 99
687 17 99
688 31 99
689 24 99
690 13 99
691 45 99
692 17 99
693 46 99
694 52 99
695 48 99
696 30 99
697 32 99
698 33 99
699 26 99
700 35 99
701 19 99
702 25 99
703 17 99
704 15 99
705 18 99
706 44 99
707 23 99
708 26 99
709 26 99
710 27 99
711 29 99
712 28 99
713 55 99
714 11 99
715 30 99
716 29 99
717 46 99
718 11 99
719 17 99
720 50 99
721 11 99
722 63 99
723 23 99
724 35 99
725 31 99
726 24 99
727 31 99
728 32 99
729 25 99
730 44 99
731 39 99
732 36 99
733 61 99
734 27 99
735 5 99
736 29 99
737 18 99
738 28 99
739 34 99
740 22 99
741 68 99
742 13 99
743 52 99
744 15 99
745 15 99
746 33 99
747 36 99
748 29 99
749 40 99
750 37 99
751 55 99
752 31 99
753 25 99
754 6 99
755 34 99
756 16 99
757 16 99
758 20 99
759 39 99
760 69 99
761 31 99
762 37 99
763 25 99
764 20 99
765 25 99
766 29 99
767 26 99
768 13 99
769 43 99
770 43 99
771 25 99
772 20 99
773 40 99
774 7 99
775 46 99
776 35 99
777 56 99
778 37 99
779 59 99
780 44 99
781 17 99
782 24 99
783 39 99
784 24 99
785 49 99
786 54 99
787 28 99
788 18 99
789 24 99
790 27 99
791 54 99
792 21 99
793 22 99
794 16 99
795 23 99
796 23 99
797 47 99
798 56 99
799 23 99
800 24 99
801 20 99
802 39 99
803 53 99
804 17 99
805 44 99
806 16 99
807 20 99
808 22 99
809 31 99
810 64 99
811 26 99
812 33 99
813 21 99
814 37 99
815 35 99
816 10 99
817 13 99
818 26 99
819 27 99
820 41 99
821 7 99
822 21 99
823 31 99
824 37 99
825 21 99
826 43 99
827 18 99
828 43 99
829 52 99
830 20 99
831 32 99
832 25 99
833 8 99
834 39 99
835 69 99
836 42 99
837 32 99
838 25 99
839 30 99
840 22 99
841 49 99
842 58 99
843 24 99
844 31 99
845 37 99
846 20 99
847 58 99
848 52 99
849 29 99
850 24 99
851 12 99
852 24 99
853 5 99
854 28 99
855 40 99
856 15 99
857 44 99
858 56 99
859 19 99
860 17 99
861 11 99
862 18 99
863 31 99
864 19 99
865 50 99
866 21 99
867 21 99
868 24 99
869 26 99
870 23 99
871 33 99
872 57 99
873 65 99
874 55 99
875 25 99
876 16 99
877 21 99
878 20 99
879 33 99
880 31 99
881 45 99
882 26 99
883 42 99
884 18 99
885 20 99
886 16 99
887 24 99
888 42 99
889 29 99
890 37 99
891 42 99
892 24 99
893 41 99
894 18 99
895 35 99
896 24 99
897 34 99
898 22 99
899 25 99
900 8 99
901 24 99
902 18 99
903 41 99
904 35 99
905 34 99
906 23 99
907 59 99
908 38 99
909 27 99
910 49 99
911 41 99
912 19 99
913 15 99
914 11 99
915 25 99
916 45 99
917 26 99
918 24 99
919 19 99
920 18 99
921 17 99
922 38 99
923 37 99
924 34 99
925 46 99
926 23 99
927 24 99
928 56 99
929 13 99
930 5 99
931 39 99
932 20 99
933 33 99
934 28 99
935 25 99
936 13 99
937 36 99
938 13 99
939 35 99
940 20 99
941 14 99
942 30 99
943 25 99
944 30 99
945 32 99
946 46 99
947 15 99
948 41 99
949 7 99
950 27 99
951 18 99
952 15 99
953 42 99
954 20 99
955 47 99
956 17 99
957 38 99
958 20 99
959 57 99
960 27 99
961 24 99
962 30 99
963 21 99
964 24 99
965 16 99
966 29 99
967 9 99
968 14 99
969 21 99
970 14 99
971 20 99
972 16 99
973 15 99
974 31 99
975 33 99
976 17 99
977 22 99
978 21 99
979 34 99
980 30 99
981 27 99
982 24 99
983 1 99
984 28 99
985 64 99
986 57 99
987 38 99
988 14 99
989 26 99
990 40 99
991 19 99
992 17 99
993 23 99
994 26 99
995 16 99
996 36 99
997 20 99
998 45 99
999 30 99
1000 53 99
1001 25 99
