1 0 0
2 0 0
3 0 0
4 0 0
5 0 0
6 0 0
7 1 1
8 0 1
9 0 1
10 0 1
11 0 1
12 0 1
13 1 1
14 0 1
15 1 1
16 0 1
17 0 1
18 0 1
19 0 1
20 0 1
21 0 1
22 1 1
23 1 1
24 1 1
25 0 1
26 1 1
27 1 1
28 1 1
29 1 1
30 1 1
31 0 1
32 1 1
33 0 1
34 1 1
35 1 1
36 2 2
37 1 2
38 0 2
39 0 2
40 0 2
41 1 2
42 0 2
43 0 2
44 1 2
45 0 2
46 0 2
47 1 2
48 1 2
49 1 2
50 0 2
51 1 2
52 0 2
53 1 2
54 3 3
55 1 3
56 4 4
57 3 4
58 0 4
59 0 4
60 1 4
61 1 4
62 0 4
63 1 4
64 2 4
65 1 4
66 0 4
67 1 4
68 1 4
69 3 4
70 2 4
71 2 4
72 0 4
73 1 4
74 4 4
75 1 4
76 0 4
77 2 4
78 1 4
79 0 4
80 2 4
81 3 4
82 1 4
83 0 4
84 6 6
85 3 6
86 0 6
87 1 6
88 2 6
89 1 6
90 1 6
91 8 8
92 3 8
93 7 8
94 0 8
95 3 8
96 1 8
97 2 8
98 2 8
99 10 10
100 7 10
101 19 19
102 11 19
103 3 19
104 0 19
105 0 19
106 1 19
107 2 19
108 1 19
109 0 19
110 0 19
111 7 19
112 1 19
113 9 19
114 12 19
115 0 19
116 7 19
117 4 19
118 10 19
119 0 19
120 3 19
121 0 19
122 6 19
123 14 19
124 13 19
125 3 19
126 2 19
127 28 28
128 0 28
129 7 28
130 13 28
131 4 28
132 12 28
133 32 32
134 20 32
135 17 32
136 0 32
137 17 32
138 0 32
139 18 32
140 24 32
141 14 32
142 12 32
143 38 38
144 19 38
145 11 38
146 37 38
147 7 38
148 32 38
149 26 38
150 12 38
151 3 38
152 3 38
153 12 38
154 29 38
155 30 38
156 43 43
157 8 43
158 31 43
159 37 43
160 24 43
161 26 43
162 25 43
163 48 48
164 40 48
165 26 48
166 24 48
167 44 48
168 29 48
169 23 48
170 2 48
171 9 48
172 24 48
173 4 48
174 26 48
175 29 48
176 41 48
177 38 48
178 25 48
179 22 48
180 20 48
181 28 48
182 21 48
183 30 48
184 41 48
185 39 48
186 20 48
187 35 48
188 35 48
189 39 48
190 15 48
191 14 48
192 22 48
193 36 48
194 57 57
195 22 57
196 31 57
197 21 57
198 41 57
199 48 57
200 8 57
201 32 57
202 18 57
203 31 57
204 22 57
205 18 57
206 21 57
207 27 57
208 19 57
209 16 57
210 17 57
211 38 57
212 27 57
213 36 57
214 20 57
215 22 57
216 31 57
217 18 57
218 17 57
219 1 57
220 13 57
221 38 57
222 13 57
223 23 57
224 12 57
225 16 57
226 24 57
227 33 57
228 46 57
229 41 57
230 73 73
231 40 73
232 24 73
233 33 73
234 52 73
235 28 73
236 18 73
237 13 73
238 27 73
239 58 73
240 38 73
241 27 73
242 27 73
243 27 73
244 39 73
245 12 73
246 34 73
247 50 73
248 38 73
249 30 73
250 33 73
251 15 73
252 39 73
253 34 73
254 19 73
255 48 73
256 37 73
257 10 73
258 26 73
259 24 73
260 15 73
261 31 73
262 9 73
263 27 73
264 14 73
265 25 73
266 19 73
267 17 73
268 45 73
269 34 73
270 26 73
271 16 73
272 35 73
273 24 73
274 44 73
275 31 73
276 36 73
277 7 73
278 0 73
279 31 73
280 30 73
281 23 73
282 9 73
283 7 73
284 14 73
285 35 73
286 9 73
287 19 73
288 27 73
289 8 73
290 24 73
291 24 73
292 26 73
293 32 73
294 21 73
295 17 73
296 0 73
297 16 73
298 6 73
299 2 73
300 1 73
301 14 73
302 1 73
303 12 73
304 19 73
305 16 73
306 15 73
307 31 73
308 23 73
309 9 73
310 14 73
311 41 73
312 25 73
313 24 73
314 14 73
315 47 73
316 37 73
317 35 73
318 24 73
319 11 73
320 19 73
321 36 73
322 20 73
323 22 73
324 8 73
325 67 73
326 30 73
327 18 73
328 20 73
329 16 73
330 21 73
331 23 73
332 43 73
333 16 73
334 33 73
335 21 73
336 12 73
337 47 73
338 19 73
339 8 73
340 53 73
341 13 73
342 65 73
343 40 73
344 24 73
345 50 73
346 29 73
347 24 73
348 38 73
349 20 73
350 18 73
351 17 73
352 34 73
353 36 73
354 25 73
355 66 73
356 25 73
357 19 73
358 25 73
359 17 73
360 38 73
361 23 73
362 9 73
363 62 73
364 10 73
365 17 73
366 45 73
367 28 73
368 19 73
369 18 73
370 19 73
371 22 73
372 23 73
373 29 73
374 36 73
375 25 73
376 37 73
377 12 73
378 15 73
379 22 73
380 30 73
381 25 73
382 30 73
383 26 73
384 22 73
385 29 73
386 46 73
387 44 73
388 40 73
389 44 73
390 12 73
391 13 73
392 18 73
393 16 73
394 38 73
395 14 73
396 46 73
397 18 73
398 14 73
399 29 73
400 14 73
401 21 73
402 42 73
403 10 73
404 17 73
405 24 73
406 18 73
407 35 73
408 18 73
409 13 73
410 29 73
411 25 73
412 40 73
413 44 73
414 19 73
415 13 73
416 17 73
417 69 73
418 34 73
419 10 73
420 22 73
421 27 73
422 27 73
423 29 73
424 47 73
425 11 73
426 16 73
427 20 73
428 23 73
429 20 73
430 12 73
431 11 73
432 33 73
433 14 73
434 35 73
435 47 73
436 44 73
437 27 73
438 26 73
439 9 73
440 32 73
441 13 73
442 24 73
443 44 73
444 17 73
445 57 73
446 11 73
447 66 73
448 35 73
449 46 73
450 18 73
451 25 73
452 50 73
453 46 73
454 31 73
455 53 73
456 36 73
457 22 73
458 50 73
459 29 73
460 24 73
461 30 73
462 25 73
463 44 73
464 33 73
465 57 73
466 34 73
467 21 73
468 16 73
469 9 73
470 40 73
471 52 73
472 49 73
473 26 73
474 82 82
475 39 82
476 63 82
477 20 82
478 17 82
479 21 82
480 18 82
481 25 82
482 17 82
483 28 82
484 15 82
485 27 82
486 32 82
487 21 82
488 28 82
489 13 82
490 41 82
491 21 82
492 30 82
493 57 82
494 52 82
495 49 82
496 38 82
497 36 82
498 26 82
499 29 82
500 10 82
501 35 82
502 26 82
503 13 82
504 26 82
505 22 82
506 23 82
507 34 82
508 30 82
509 18 82
510 29 82
511 29 82
512 76 82
513 37 82
514 27 82
515 18 82
516 7 82
517 25 82
518 30 82
519 25 82
520 32 82
521 33 82
522 25 82
523 26 82
524 28 82
525 43 82
526 10 82
527 27 82
528 26 82
529 21 82
530 26 82
531 27 82
532 59 82
533 34 82
534 20 82
535 19 82
536 35 82
537 24 82
538 45 82
539 33 82
540 43 82
541 57 82
542 32 82
543 11 82
544 32 82
545 29 82
546 50 82
547 59 82
548 49 82
549 35 82
550 48 82
551 30 82
552 23 82
553 31 82
554 43 82
555 60 82
556 20 82
557 49 82
558 47 82
559 14 82
560 55 82
561 47 82
562 24 82
563 33 82
564 25 82
565 21 82
566 32 82
567 16 82
568 17 82
569 35 82
570 51 82
571 46 82
572 52 82
573 7 82
574 13 82
575 36 82
576 32 82
577 43 82
578 21 82
579 25 82
580 67 82
581 38 82
582 41 82
583 45 82
584 25 82
585 25 82
586 23 82
587 21 82
588 13 82
589 27 82
590 22 82
591 42 82
592 35 82
593 23 82
594 41 82
595 33 82
596 24 82
597 46 82
598 21 82
599 37 82
600 60 82
601 22 82
602 52 82
603 21 82
604 23 82
605 36 82
606 40 82
607 21 82
608 4 82
609 17 82
610 31 82
611 46 82
612 17 82
613 39 82
614 13 82
615 23 82
616 22 82
617 42 82
618 14 82
619 12 82
620 14 82
621 28 82
622 40 82
623 33 82
624 8 82
625 29 82
626 21 82
627 36 82
628 17 82
629 20 82
630 41 82
631 27 82
632 15 82
633 38 82
634 16 82
635 21 82
636 11 82
637 41 82
638 31 82
639 21 82
640 39 82
641 35 82
642 20 82
643 34 82
644 37 82
645 39 82
646 32 82
647 37 82
648 41 82
649 13 82
650 32 82
651 46 82
652 16 82
653 35 82
654 38 82
655 39 82
656 22 82
657 26 82
658 21 82
659 61 82
660 15 82
661 58 82
662 31 82
663 10 82
664 29 82
665 34 82
666 12 82
667 23 82
668 15 82
669 20 82
670 32 82
671 36 82
672 21 82
673 20 82
674 15 82
675 23 82
676 27 82
677 16 82
678 20 82
679 22 82
680 33 82
681 30 82
682 40 82
683 6 82
684 32 82
685 11 82
686 21 82
687 11 82
688 28 82
689 14 82
690 31 82
691 15 82
692 22 82
693 55 82
694 14 82
695 19 82
696 50 82
697 21 82
698 33 82
699 21 82
700 15 82
701 20 82
702 19 82
703 12 82
704 20 82
705 14 82
706 42 82
707 35 82
708 18 82
709 40 82
710 26 82
711 45 82
712 48 82
713 40 82
714 36 82
715 13 82
716 31 82
717 38 82
718 36 82
719 23 82
720 16 82
721 27 82
722 16 82
723 22 82
724 7 82
725 23 82
726 23 82
727 16 82
728 54 82
729 29 82
730 33 82
731 26 82
732 18 82
733 28 82
734 11 82
735 25 82
736 44 82
737 48 82
738 23 82
739 41 82
740 21 82
741 15 82
742 31 82
743 11 82
744 35 82
745 26 82
746 39 82
747 7 82
748 51 82
749 31 82
750 39 82
751 38 82
752 66 82
753 42 82
754 14 82
755 34 82
756 16 82
757 40 82
758 34 82
759 22 82
760 46 82
761 24 82
762 28 82
763 33 82
764 31 82
765 20 82
766 37 82
767 38 82
768 36 82
769 35 82
770 39 82
771 30 82
772 15 82
773 19 82
774 30 82
775 31 82
776 51 82
777 33 82
778 25 82
779 6 82
780 39 82
781 29 82
782 42 82
783 12 82
784 21 82
785 47 82
786 37 82
787 47 82
788 40 82
789 43 82
790 42 82
791 21 82
792 38 82
793 22 82
794 42 82
795 41 82
796 29 82
797 16 82
798 26 82
799 53 82
800 50 82
801 37 82
802 25 82
803 25 82
804 39 82
805 41 82
806 44 82
807 41 82
808 39 82
809 32 82
810 26 82
811 13 82
812 18 82
813 41 82
814 31 82
815 38 82
816 21 82
817 27 82
818 30 82
819 10 82
820 29 82
821 18 82
822 30 82
823 16 82
824 42 82
825 44 82
826 31 82
827 27 82
828 52 82
829 31 82
830 62 82
831 30 82
832 43 82
833 14 82
834 6 82
835 9 82
836 18 82
837 18 82
838 21 82
839 9 82
840 33 82
841 35 82
842 34 82
843 46 82
844 27 82
845 27 82
846 71 82
847 40 82
848 31 82
849 63 82
850 43 82
851 54 82
852 54 82
853 22 82
854 42 82
855 32 82
856 45 82
857 68 82
858 45 82
859 30 82
860 37 82
861 28 82
862 23 82
863 51 82
864 38 82
865 19 82
866 19 82
867 15 82
868 34 82
869 5 82
870 10 82
871 36 82
872 16 82
873 19 82
874 50 82
875 30 82
876 30 82
877 41 82
878 16 82
879 22 82
880 25 82
881 39 82
882 35 82
883 34 82
884 24 82
885 23 82
886 18 82
887 12 82
888 46 82
889 10 82
890 44 82
891 51 82
892 39 82
893 25 82
894 55 82
895 39 82
896 37 82
897 32 82
898 16 82
899 17 82
900 45 82
901 15 82
902 40 82
903 50 82
904 15 82
905 35 82
906 15 82
907 36 82
908 17 82
909 26 82
910 25 82
911 11 82
912 52 82
913 8 82
914 45 82
915 44 82
916 19 82
917 35 82
918 9 82
919 29 82
920 50 82
921 55 82
922 11 82
923 17 82
924 19 82
925 11 82
926 38 82
927 29 82
928 26 82
929 22 82
930 37 82
931 25 82
932 34 82
933 37 82
934 27 82
935 42 82
936 18 82
937 15 82
938 27 82
939 11 82
940 18 82
941 32 82
942 25 82
943 45 82
944 19 82
945 41 82
946 40 82
947 41 82
948 67 82
949 22 82
950 43 82
951 17 82
952 34 82
953 25 82
954 26 82
955 27 82
956 33 82
957 17 82
958 26 82
959 14 82
960 53 82
961 32 82
962 29 82
963 21 82
964 12 82
965 21 82
966 6 82
967 15 82
968 49 82
969 20 82
970 24 82
971 36 82
972 19 82
973 42 82
974 26 82
975 41 82
976 19 82
977 17 82
978 14 82
979 49 82
980 18 82
981 15 82
982 30 82
983 11 82
984 24 82
985 34 82
986 23 82
987 46 82
988 28 82
989 31 82
990 37 82
991 46 82
992 30 82
993 14 82
994 30 82
995 21 82
996 15 82
997 46 82
998 20 82
999 29 82
1000 25 82
1001 17 82
