1 0 0
2 0 0
3 0 0
4 0 0
5 1 1
6 0 1
7 0 1
8 0 1
9 0 1
10 0 1
11 0 1
12 1 1
13 0 1
14 0 1
15 0 1
16 0 1
17 0 1
18 1 1
19 0 1
20 0 1
21 0 1
22 1 1
23 1 1
24 0 1
25 1 1
26 1 1
27 1 1
28 0 1
29 0 1
30 0 1
31 0 1
32 1 1
33 1 1
34 0 1
35 0 1
36 0 1
37 0 1
38 0 1
39 1 1
40 1 1
41 0 1
42 0 1
43 0 1
44 0 1
45 0 1
46 0 1
47 2 2
48 0 2
49 0 2
50 1 2
51 1 2
52 1 2
53 0 2
54 0 2
55 1 2
56 2 2
57 1 2
58 1 2
59 0 2
60 2 2
61 0 2
62 0 2
63 0 2
64 0 2
65 1 2
66 6 6
67 1 6
68 0 6
69 0 6
70 0 6
71 0 6
72 1 6
73 0 6
74 3 6
75 0 6
76 1 6
77 1 6
78 0 6
79 0 6
80 3 6
81 1 6
82 0 6
83 0 6
84 0 6
85 0 6
86 1 6
87 4 6
88 0 6
89 0 6
90 2 6
91 4 6
92 0 6
93 0 6
94 0 6
95 0 6
96 1 6
97 0 6
98 0 6
99 2 6
100 0 6
101 0 6
102 2 6
103 1 6
104 0 6
105 0 6
106 1 6
107 0 6
108 1 6
109 1 6
110 0 6
111 0 6
112 1 6
113 3 6
114 0 6
115 0 6
116 4 6
117 0 6
118 0 6
119 2 6
120 2 6
121 0 6
122 0 6
123 0 6
124 8 8
125 0 8
126 0 8
127 0 8
128 2 8
129 2 8
130 2 8
131 0 8
132 5 8
133 2 8
134 1 8
135 1 8
136 0 8
137 0 8
138 1 8
139 0 8
140 1 8
141 0 8
142 0 8
143 0 8
144 3 8
145 0 8
146 4 8
147 1 8
148 1 8
149 10 10
150 4 10
151 1 10
152 1 10
153 0 10
154 2 10
155 0 10
156 0 10
157 0 10
158 1 10
159 0 10
160 0 10
161 3 10
162 0 10
163 17 17
164 22 22
165 0 22
166 7 22
167 1 22
168 14 22
169 5 22
170 0 22
171 1 22
172 2 22
173 7 22
174 1 22
175 0 22
176 0 22
177 0 22
178 3 22
179 21 22
180 2 22
181 7 22
182 0 22
183 6 22
184 0 22
185 26 26
186 18 26
187 14 26
188 3 26
189 1 26
190 6 26
191 28 28
192 21 28
193 15 28
194 0 28
195 20 28
196 24 28
197 10 28
198 37 37
199 25 37
200 16 37
201 50 50
202 17 50
203 42 50
204 33 50
205 34 50
206 40 50
207 15 50
208 26 50
209 23 50
210 12 50
211 13 50
212 23 50
213 14 50
214 13 50
215 12 50
216 9 50
217 13 50
218 1 50
219 19 50
220 6 50
221 22 50
222 19 50
223 13 50
224 0 50
225 0 50
226 9 50
227 18 50
228 21 50
229 7 50
230 34 50
231 11 50
232 20 50
233 18 50
234 37 50
235 23 50
236 11 50
237 63 63
238 24 63
239 22 63
240 17 63
241 12 63
242 13 63
243 1 63
244 15 63
245 11 63
246 23 63
247 7 63
248 24 63
249 13 63
250 29 63
251 29 63
252 29 63
253 28 63
254 56 63
255 19 63
256 13 63
257 17 63
258 10 63
259 30 63
260 23 63
261 21 63
262 48 63
263 40 63
264 14 63
265 15 63
266 58 63
267 16 63
268 14 63
269 18 63
270 19 63
271 29 63
272 17 63
273 46 63
274 38 63
275 2 63
276 19 63
277 17 63
278 12 63
279 28 63
280 29 63
281 18 63
282 33 63
283 34 63
284 33 63
285 23 63
286 31 63
287 37 63
288 32 63
289 21 63
290 61 63
291 19 63
292 28 63
293 12 63
294 28 63
295 20 63
296 12 63
297 30 63
298 11 63
299 9 63
300 31 63
301 20 63
302 17 63
303 26 63
304 28 63
305 58 63
306 19 63
307 16 63
308 18 63
309 20 63
310 27 63
311 14 63
312 21 63
313 39 63
314 21 63
315 21 63
316 56 63
317 9 63
318 13 63
319 45 63
320 26 63
321 19 63
322 9 63
323 10 63
324 24 63
325 16 63
326 29 63
327 19 63
328 12 63
329 37 63
330 24 63
331 8 63
332 11 63
333 30 63
334 20 63
335 7 63
336 35 63
337 17 63
338 32 63
339 9 63
340 23 63
341 24 63
342 11 63
343 7 63
344 26 63
345 15 63
346 44 63
347 32 63
348 19 63
349 45 63
350 26 63
351 20 63
352 44 63
353 33 63
354 26 63
355 29 63
356 38 63
357 34 63
358 33 63
359 34 63
360 40 63
361 18 63
362 10 63
363 11 63
364 14 63
365 27 63
366 32 63
367 29 63
368 20 63
369 38 63
370 39 63
371 22 63
372 19 63
373 20 63
374 36 63
375 16 63
376 21 63
377 18 63
378 42 63
379 30 63
380 33 63
381 38 63
382 17 63
383 33 63
384 26 63
385 32 63
386 28 63
387 40 63
388 56 63
389 10 63
390 24 63
391 11 63
392 29 63
393 23 63
394 15 63
395 8 63
396 20 63
397 17 63
398 44 63
399 17 63
400 16 63
401 49 63
402 26 63
403 45 63
404 44 63
405 25 63
406 19 63
407 41 63
408 14 63
409 11 63
410 16 63
411 34 63
412 7 63
413 16 63
414 11 63
415 23 63
416 31 63
417 38 63
418 4 63
419 29 63
420 39 63
421 25 63
422 23 63
423 33 63
424 26 63
425 25 63
426 27 63
427 11 63
428 31 63
429 49 63
430 29 63
431 34 63
432 16 63
433 25 63
434 28 63
435 34 63
436 52 63
437 24 63
438 46 63
439 17 63
440 56 63
441 38 63
442 33 63
443 13 63
444 22 63
445 42 63
446 38 63
447 38 63
448 14 63
449 15 63
450 29 63
451 1 63
452 34 63
453 33 63
454 31 63
455 21 63
456 8 63
457 30 63
458 50 63
459 30 63
460 28 63
461 29 63
462 40 63
463 8 63
464 23 63
465 34 63
466 16 63
467 19 63
468 28 63
469 23 63
470 33 63
471 18 63
472 57 63
473 14 63
474 26 63
475 38 63
476 14 63
477 25 63
478 24 63
479 43 63
480 19 63
481 7 63
482 22 63
483 69 69
484 17 69
485 32 69
486 24 69
487 29 69
488 17 69
489 39 69
490 36 69
491 29 69
492 39 69
493 26 69
494 23 69
495 14 69
496 26 69
497 20 69
498 16 69
499 14 69
500 52 69
501 46 69
502 26 69
503 23 69
504 14 69
505 26 69
506 39 69
507 16 69
508 16 69
509 18 69
510 38 69
511 40 69
512 18 69
513 27 69
514 33 69
515 27 69
516 28 69
517 20 69
518 24 69
519 31 69
520 23 69
521 33 69
522 31 69
523 29 69
524 13 69
525 19 69
526 37 69
527 22 69
528 11 69
529 23 69
530 44 69
531 5 69
532 20 69
533 4 69
534 13 69
535 41 69
536 21 69
537 21 69
538 35 69
539 26 69
540 35 69
541 36 69
542 23 69
543 14 69
544 22 69
545 34 69
546 35 69
547 19 69
548 10 69
549 12 69
550 56 69
551 38 69
552 16 69
553 36 69
554 47 69
555 45 69
556 32 69
557 56 69
558 28 69
559 22 69
560 19 69
561 25 69
562 26 69
563 20 69
564 36 69
565 34 69
566 48 69
567 16 69
568 40 69
569 30 69
570 22 69
571 4 69
572 53 69
573 26 69
574 23 69
575 22 69
576 29 69
577 37 69
578 40 69
579 21 69
580 24 69
581 31 69
582 18 69
583 16 69
584 20 69
585 42 69
586 14 69
587 11 69
588 13 69
589 14 69
590 26 69
591 25 69
592 24 69
593 28 69
594 29 69
595 15 69
596 20 69
597 18 69
598 53 69
599 19 69
600 38 69
601 28 69
602 49 69
603 17 69
604 36 69
605 8 69
606 42 69
607 14 69
608 44 69
609 46 69
610 32 69
611 38 69
612 14 69
613 34 69
614 42 69
615 12 69
616 13 69
617 17 69
618 26 69
619 12 69
620 21 69
621 29 69
622 11 69
623 48 69
624 10 69
625 31 69
626 73 73
627 37 73
628 22 73
629 23 73
630 13 73
631 17 73
632 36 73
633 27 73
634 23 73
635 32 73
636 18 73
637 24 73
638 15 73
639 30 73
640 29 73
641 45 73
642 16 73
643 42 73
644 23 73
645 20 73
646 56 73
647 30 73
648 10 73
649 18 73
650 34 73
651 52 73
652 36 73
653 42 73
654 30 73
655 43 73
656 51 73
657 41 73
658 39 73
659 44 73
660 10 73
661 31 73
662 22 73
663 17 73
664 32 73
665 32 73
666 21 73
667 6 73
668 29 73
669 27 73
670 28 73
671 35 73
672 22 73
673 39 73
674 42 73
675 33 73
676 50 73
677 31 73
678 20 73
679 37 73
680 30 73
681 20 73
682 21 73
683 19 73
684 15 73
685 7 73
686 27 73
687 51 73
688 13 73
689 37 73
690 17 73
691 8 73
692 27 73
693 51 73
694 28 73
695 12 73
696 14 73
697 24 73
698 18 73
699 12 73
700 29 73
701 19 73
702 45 73
703 44 73
704 36 73
705 29 73
706 46 73
707 32 73
708 14 73
709 32 73
710 57 73
711 53 73
712 21 73
713 18 73
714 36 73
715 12 73
716 33 73
717 45 73
718 28 73
719 33 73
720 24 73
721 26 73
722 39 73
723 82 82
724 33 82
725 22 82
726 45 82
727 53 82
728 10 82
729 20 82
730 35 82
731 12 82
732 19 82
733 13 82
734 40 82
735 20 82
736 21 82
737 43 82
738 28 82
739 18 82
740 36 82
741 38 82
742 16 82
743 31 82
744 21 82
745 12 82
746 37 82
747 31 82
748 48 82
749 17 82
750 40 82
751 28 82
752 32 82
753 35 82
754 32 82
755 41 82
756 41 82
757 8 82
758 21 82
759 25 82
760 18 82
761 22 82
762 16 82
763 49 82
764 20 82
765 30 82
766 39 82
767 34 82
768 31 82
769 15 82
770 31 82
771 32 82
772 11 82
773 48 82
774 17 82
775 12 82
776 36 82
777 22 82
778 13 82
779 37 82
780 15 82
781 27 82
782 33 82
783 31 82
784 24 82
785 15 82
786 6 82
787 23 82
788 19 82
789 39 82
790 20 82
791 60 82
792 33 82
793 31 82
794 41 82
795 41 82
796 40 82
797 24 82
798 23 82
799 34 82
800 24 82
801 12 82
802 41 82
803 15 82
804 49 82
805 27 82
806 14 82
807 33 82
808 25 82
809 28 82
810 36 82
811 55 82
812 20 82
813 24 82
814 18 82
815 24 82
816 22 82
817 31 82
818 19 82
819 19 82
820 26 82
821 20 82
822 33 82
823 33 82
824 21 82
825 25 82
826 38 82
827 29 82
828 16 82
829 26 82
830 23 82
831 37 82
832 40 82
833 24 82
834 36 82
835 21 82
836 41 82
837 27 82
838 13 82
839 24 82
840 27 82
841 22 82
842 37 82
843 42 82
844 26 82
845 20 82
846 28 82
847 71 82
848 46 82
849 27 82
850 43 82
851 34 82
852 24 82
853 7 82
854 27 82
855 15 82
856 15 82
857 12 82
858 34 82
859 33 82
860 24 82
861 22 82
862 13 82
863 53 82
864 11 82
865 69 82
866 7 82
867 45 82
868 9 82
869 44 82
870 34 82
871 31 82
872 3 82
873 41 82
874 31 82
875 37 82
876 34 82
877 23 82
878 37 82
879 29 82
880 15 82
881 22 82
882 37 82
883 45 82
884 20 82
885 34 82
886 15 82
887 37 82
888 16 82
889 29 82
890 38 82
891 18 82
892 33 82
893 53 82
894 44 82
895 32 82
896 16 82
897 3 82
898 7 82
899 38 82
900 60 82
901 46 82
902 45 82
903 39 82
904 39 82
905 64 82
906 28 82
907 54 82
908 21 82
909 39 82
910 36 82
911 29 82
912 48 82
913 31 82
914 13 82
915 22 82
916 33 82
917 9 82
918 37 82
919 24 82
920 10 82
921 24 82
922 22 82
923 40 82
924 14 82
925 31 82
926 11 82
927 58 82
928 45 82
929 28 82
930 38 82
931 23 82
932 22 82
933 38 82
934 34 82
935 24 82
936 47 82
937 30 82
938 58 82
939 45 82
940 31 82
941 8 82
942 37 82
943 25 82
944 37 82
945 34 82
946 17 82
947 25 82
948 2 82
949 17 82
950 19 82
951 16 82
952 39 82
953 10 82
954 21 82
955 21 82
956 42 82
957 34 82
958 11 82
959 19 82
960 9 82
961 10 82
962 12 82
963 50 82
964 39 82
965 23 82
966 20 82
967 33 82
968 29 82
969 44 82
970 38 82
971 29 82
972 33 82
973 38 82
974 37 82
975 15 82
976 14 82
977 31 82
978 34 82
979 9 82
980 29 82
981 36 82
982 21 82
983 19 82
984 5 82
985 5 82
986 52 82
987 41 82
988 26 82
989 27 82
990 40 82
991 38 82
992 35 82
993 26 82
994 17 82
995 40 82
996 45 82
997 6 82
998 24 82
999 20 82
1000 39 82
1001 12 82
