1 1 1
2 0 1
3 0 1
4 1 1
5 0 1
6 1 1
7 0 1
8 0 1
9 1 1
10 0 1
11 0 1
12 1 1
13 0 1
14 0 1
15 0 1
16 0 1
17 0 1
18 0 1
19 0 1
20 0 1
21 0 1
22 1 1
23 0 1
24 1 1
25 0 1
26 0 1
27 0 1
28 0 1
29 0 1
30 1 1
31 1 1
32 1 1
33 0 1
34 0 1
35 2 2
36 0 2
37 1 2
38 0 2
39 0 2
40 1 2
41 0 2
42 1 2
43 1 2
44 0 2
45 0 2
46 0 2
47 0 2
48 2 2
49 0 2
50 0 2
51 0 2
52 1 2
53 0 2
54 1 2
55 0 2
56 0 2
57 0 2
58 2 2
59 0 2
60 0 2
61 0 2
62 0 2
63 0 2
64 0 2
65 0 2
66 0 2
67 1 2
68 0 2
69 3 3
70 0 3
71 0 3
72 6 6
73 1 6
74 0 6
75 0 6
76 2 6
77 1 6
78 1 6
79 0 6
80 0 6
81 0 6
82 4 6
83 2 6
84 0 6
85 0 6
86 0 6
87 0 6
88 0 6
89 0 6
90 2 6
91 1 6
92 0 6
93 0 6
94 0 6
95 5 6
96 1 6
97 0 6
98 0 6
99 0 6
100 0 6
101 3 6
102 6 6
103 4 6
104 0 6
105 0 6
106 4 6
107 0 6
108 1 6
109 0 6
110 0 6
111 1 6
112 1 6
113 1 6
114 0 6
115 2 6
116 1 6
117 0 6
118 0 6
119 2 6
120 0 6
121 0 6
122 1 6
123 6 6
124 1 6
125 0 6
126 0 6
127 0 6
128 4 6
129 0 6
130 2 6
131 1 6
132 0 6
133 0 6
134 7 7
135 2 7
136 0 7
137 1 7
138 0 7
139 0 7
140 10 10
141 12 12
142 2 12
143 17 17
144 1 17
145 7 17
146 0 17
147 0 17
148 0 17
149 2 17
150 0 17
151 16 17
152 5 17
153 35 35
154 10 35
155 16 35
156 0 35
157 7 35
158 1 35
159 0 35
160 6 35
161 0 35
162 1 35
163 14 35
164 3 35
165 2 35
166 16 35
167 5 35
168 6 35
169 1 35
170 3 35
171 24 35
172 4 35
173 13 35
174 0 35
175 14 35
176 3 35
177 3 35
178 22 35
179 1 35
180 10 35
181 18 35
182 0 35
183 1 35
184 1 35
185 2 35
186 3 35
187 3 35
188 11 35
189 12 35
190 5 35
191 9 35
192 30 35
193 6 35
194 8 35
195 1 35
196 2 35
197 3 35
198 1 35
199 5 35
200 5 35
201 2 35
202 39 39
203 30 39
204 8 39
205 25 39
206 4 39
207 11 39
208 3 39
209 26 39
210 37 39
211 12 39
212 13 39
213 29 39
214 22 39
215 7 39
216 20 39
217 30 39
218 24 39
219 6 39
220 17 39
221 2 39
222 16 39
223 13 39
224 21 39
225 13 39
226 23 39
227 30 39
228 25 39
229 7 39
230 0 39
231 7 39
232 6 39
233 6 39
234 36 39
235 5 39
236 5 39
237 8 39
238 2 39
239 4 39
240 18 39
241 24 39
242 8 39
243 25 39
244 45 45
245 26 45
246 16 45
247 9 45
248 24 45
249 34 45
250 18 45
251 3 45
252 1 45
253 2 45
254 16 45
255 12 45
256 14 45
257 23 45
258 1 45
259 34 45
260 21 45
261 17 45
262 11 45
263 38 45
264 16 45
265 34 45
266 23 45
267 42 45
268 25 45
269 18 45
270 42 45
271 41 45
272 23 45
273 29 45
274 14 45
275 20 45
276 25 45
277 32 45
278 8 45
279 29 45
280 38 45
281 31 45
282 1 45
283 15 45
284 4 45
285 1 45
286 29 45
287 11 45
288 12 45
289 30 45
290 35 45
291 11 45
292 7 45
293 17 45
294 17 45
295 9 45
296 17 45
297 55 55
298 32 55
299 24 55
300 29 55
301 25 55
