1 0 0
2 0 0
3 0 0
4 0 0
5 0 0
6 0 0
7 0 0
8 0 0
9 0 0
10 1 1
11 0 1
12 0 1
13 1 1
14 1 1
15 0 1
16 0 1
17 0 1
18 0 1
19 0 1
20 1 1
21 0 1
22 1 1
23 0 1
24 0 1
1 1 1
2 0 1
3 0 1
4 0 1
5 0 1
6 0 1
7 0 1
8 0 1
9 1 1
10 0 1
11 0 1
1 0 0
2 0 0
3 0 0
4 0 0
5 0 0
6 0 0
7 0 0
8 0 0
9 1 1
10 0 1
11 0 1
1 1 1
2 0 1
3 0 1
4 1 1
5 0 1
6 0 1
7 0 1
8 0 1
9 1 1
10 1 1
11 1 1
1 0 0
2 0 0
3 0 0
4 0 0
5 0 0
6 0 0
7 1 1
8 0 1
9 0 1
10 0 1
11 0 1
12 0 1
13 1 1
14 0 1
15 0 1
16 0 1
17 0 1
18 0 1
19 1 1
20 0 1
21 0 1
22 0 1
23 0 1
24 1 1
25 0 1
26 0 1
27 0 1
28 0 1
29 2 2
30 1 2
31 0 2
32 0 2
33 0 2
34 0 2
35 0 2
36 0 2
37 0 2
38 0 2
39 0 2
40 1 2
41 1 2
42 1 2
43 0 2
44 0 2
45 1 2
46 0 2
47 1 2
48 0 2
49 1 2
50 1 2
51 0 2
52 0 2
53 1 2
54 1 2
55 0 2
56 0 2
57 0 2
58 1 2
59 0 2
60 0 2
61 0 2
62 1 2
63 2 2
64 1 2
65 0 2
66 0 2
67 1 2
68 0 2
69 2 2
70 0 2
71 0 2
72 0 2
73 2 2
74 0 2
75 1 2
76 1 2
77 0 2
78 1 2
79 1 2
80 1 2
81 1 2
82 0 2
83 2 2
84 6 6
85 0 6
86 0 6
87 0 6
88 2 6
89 1 6
90 0 6
91 1 6
92 0 6
93 1 6
94 0 6
95 0 6
96 1 6
97 0 6
98 0 6
99 0 6
100 0 6
101 0 6
102 0 6
103 0 6
104 4 6
105 0 6
106 2 6
107 0 6
108 0 6
109 0 6
110 0 6
111 0 6
112 0 6
113 0 6
114 0 6
115 0 6
116 1 6
117 5 6
118 0 6
119 0 6
120 2 6
121 2 6
122 3 6
123 1 6
124 2 6
125 1 6
126 2 6
127 6 6
128 16 16
129 4 16
130 2 16
131 0 16
132 3 16
133 0 16
134 0 16
135 5 16
136 11 16
137 17 17
138 0 17
139 0 17
140 5 17
141 1 17
142 0 17
143 13 17
144 0 17
145 0 17
146 7 17
147 4 17
148 5 17
149 12 17
150 2 17
151 1 17
152 0 17
153 3 17
154 6 17
155 0 17
156 8 17
157 6 17
158 13 17
159 19 19
160 3 19
161 2 19
162 8 19
163 4 19
164 10 19
165 12 19
166 1 19
167 7 19
168 3 19
169 1 19
170 19 19
171 5 19
172 11 19
173 16 19
174 1 19
175 9 19
176 0 19
177 20 20
178 10 20
179 14 20
180 10 20
181 16 20
182 19 20
183 5 20
184 7 20
185 2 20
186 20 20
187 21 21
188 21 21
189 32 32
190 8 32
191 7 32
192 17 32
193 20 32
194 7 32
195 11 32
196 8 32
197 19 32
198 10 32
199 32 32
200 6 32
201 2 32
202 34 34
203 25 34
204 15 34
205 18 34
206 18 34
207 2 34
208 15 34
209 23 34
210 30 34
211 18 34
212 32 34
213 20 34
214 15 34
215 33 34
216 17 34
217 9 34
218 9 34
219 31 34
220 29 34
221 16 34
222 44 44
223 18 44
224 29 44
225 15 44
226 30 44
227 11 44
228 14 44
229 12 44
230 20 44
231 14 44
232 47 47
233 44 47
234 10 47
235 16 47
236 21 47
237 25 47
238 34 47
239 33 47
240 11 47
241 13 47
242 19 47
243 10 47
244 20 47
245 2 47
246 38 47
247 22 47
248 15 47
249 18 47
250 13 47
251 39 47
252 18 47
253 15 47
254 21 47
255 45 47
256 50 50
257 40 50
258 24 50
259 33 50
260 34 50
261 61 61
262 12 61
263 37 61
264 15 61
265 18 61
266 31 61
267 7 61
268 15 61
269 11 61
270 18 61
271 40 61
272 18 61
273 8 61
274 11 61
275 23 61
276 11 61
277 22 61
278 30 61
279 31 61
280 7 61
281 0 61
282 5 61
283 2 61
284 6 61
285 30 61
286 38 61
287 21 61
288 21 61
289 22 61
290 16 61
291 25 61
292 22 61
293 21 61
294 14 61
295 22 61
296 6 61
297 24 61
298 26 61
299 59 61
300 31 61
301 48 61
