1 0 0
2 0 0
3 0 0
4 0 0
5 0 0
6 0 0
7 0 0
8 0 0
9 0 0
10 0 0
11 0 0
12 0 0
13 0 0
14 0 0
15 0 0
16 0 0
17 0 0
18 0 0
19 0 0
20 0 0
21 0 0
22 1 1
23 0 1
24 0 1
25 0 1
26 0 1
27 1 1
28 1 1
29 0 1
1 0 0
2 0 0
3 0 0
4 0 0
5 0 0
6 0 0
7 1 1
8 0 1
9 1 1
10 0 1
11 1 1
1 0 0
2 0 0
3 0 0
4 0 0
5 0 0
6 0 0
7 0 0
8 0 0
9 0 0
10 0 0
11 0 0
1 0 0
2 0 0
3 0 0
4 0 0
5 0 0
6 0 0
7 0 0
8 0 0
9 0 0
10 1 1
11 0 1
1 0 0
2 0 0
3 0 0
4 0 0
5 1 1
6 0 1
7 2 2
8 0 2
9 0 2
10 0 2
11 1 2
12 0 2
13 1 2
14 1 2
15 0 2
16 0 2
17 0 2
18 1 2
19 0 2
20 0 2
21 0 2
22 0 2
23 0 2
24 0 2
25 0 2
26 0 2
27 1 2
28 1 2
29 1 2
30 1 2
31 1 2
32 0 2
33 1 2
34 0 2
35 1 2
36 0 2
37 2 2
38 1 2
39 0 2
40 1 2
41 1 2
42 0 2
43 0 2
44 0 2
45 1 2
46 0 2
47 0 2
48 0 2
49 0 2
50 1 2
51 2 2
52 0 2
53 4 4
54 1 4
55 1 4
56 0 4
57 2 4
58 1 4
59 2 4
60 1 4
61 1 4
62 1 4
63 1 4
64 0 4
65 0 4
66 0 4
67 1 4
68 1 4
69 0 4
70 0 4
71 0 4
72 5 5
73 0 5
74 0 5
75 0 5
76 1 5
77 0 5
78 1 5
79 0 5
80 0 5
81 0 5
82 0 5
83 1 5
84 0 5
85 0 5
86 0 5
87 0 5
88 0 5
89 5 5
90 0 5
91 0 5
92 0 5
93 0 5
94 0 5
95 2 5
96 0 5
97 0 5
98 0 5
99 0 5
100 0 5
101 4 5
102 15 15
103 2 15
104 0 15
105 5 15
106 13 15
107 5 15
108 0 15
109 2 15
110 9 15
111 2 15
112 0 15
113 2 15
114 1 15
115 14 15
116 3 15
117 18 18
118 1 18
119 6 18
120 1 18
121 3 18
122 1 18
123 5 18
124 7 18
125 9 18
126 2 18
127 0 18
128 0 18
129 0 18
130 0 18
131 1 18
132 12 18
133 4 18
134 1 18
135 0 18
136 14 18
137 4 18
138 15 18
139 8 18
140 9 18
141 0 18
142 0 18
143 7 18
144 3 18
145 1 18
146 3 18
147 0 18
148 7 18
149 4 18
150 0 18
151 18 18
152 23 23
153 23 23
154 10 23
155 21 23
156 29 29
157 40 40
158 37 40
159 2 40
160 5 40
161 34 40
162 22 40
163 9 40
164 13 40
165 33 40
166 0 40
167 23 40
168 30 40
169 18 40
170 16 40
171 3 40
172 33 40
173 34 40
174 7 40
175 15 40
176 19 40
177 8 40
178 23 40
179 23 40
180 28 40
181 17 40
182 18 40
183 35 40
184 48 48
185 55 55
186 21 55
187 7 55
188 33 55
189 19 55
190 3 55
191 40 55
192 16 55
193 6 55
194 0 55
195 9 55
196 31 55
197 13 55
198 17 55
199 28 55
200 33 55
201 45 55
202 52 55
203 22 55
204 31 55
205 26 55
206 24 55
207 7 55
208 7 55
209 32 55
210 20 55
211 11 55
212 18 55
213 26 55
214 23 55
215 22 55
216 38 55
217 26 55
218 30 55
219 20 55
220 29 55
221 23 55
222 9 55
223 5 55
224 16 55
225 10 55
226 12 55
227 40 55
228 17 55
229 33 55
230 19 55
231 11 55
232 26 55
233 15 55
234 30 55
235 6 55
236 36 55
237 22 55
238 37 55
239 39 55
240 18 55
241 22 55
242 29 55
243 21 55
244 18 55
245 1 55
246 0 55
247 15 55
248 15 55
249 31 55
250 16 55
251 22 55
252 31 55
253 55 55
254 25 55
255 16 55
256 36 55
257 62 62
258 9 62
259 49 62
260 25 62
261 18 62
262 38 62
263 41 62
264 10 62
265 37 62
266 23 62
267 18 62
268 8 62
269 7 62
270 23 62
271 26 62
272 27 62
273 26 62
274 17 62
275 21 62
276 3 62
277 12 62
278 53 62
279 20 62
280 46 62
281 47 62
282 23 62
283 52 62
284 57 62
285 13 62
286 35 62
287 26 62
288 31 62
289 30 62
290 34 62
291 24 62
292 23 62
293 14 62
294 23 62
295 27 62
296 39 62
297 21 62
298 3 62
299 22 62
300 30 62
301 17 62
