1 0 0
2 1 1
3 1 1
4 0 1
5 1 1
6 0 1
7 0 1
8 3 3
9 0 3
10 0 3
11 1 3
12 2 3
13 0 3
14 1 3
15 3 3
16 0 3
17 0 3
18 1 3
19 1 3
20 0 3
21 0 3
22 0 3
23 0 3
24 0 3
25 1 3
26 2 3
27 0 3
28 2 3
29 0 3
30 1 3
31 0 3
32 0 3
33 2 3
34 0 3
35 0 3
36 0 3
37 4 4
38 0 4
39 1 4
40 2 4
41 0 4
42 1 4
43 1 4
44 9 9
45 1 9
46 4 9
47 1 9
48 1 9
49 0 9
50 2 9
51 1 9
52 2 9
53 1 9
54 2 9
55 0 9
56 0 9
57 1 9
58 0 9
59 0 9
60 1 9
61 0 9
62 0 9
63 4 9
64 0 9
65 0 9
66 0 9
67 0 9
68 1 9
69 2 9
70 1 9
71 0 9
72 1 9
73 0 9
74 0 9
75 0 9
76 3 9
77 0 9
78 0 9
79 2 9
80 0 9
81 1 9
82 2 9
83 0 9
84 0 9
85 0 9
86 2 9
87 0 9
88 0 9
89 0 9
90 0 9
91 1 9
92 0 9
93 0 9
94 0 9
95 0 9
96 1 9
97 0 9
98 4 9
99 0 9
100 3 9
101 2 9
102 5 9
103 1 9
104 0 9
105 0 9
106 0 9
107 0 9
108 0 9
109 0 9
110 0 9
111 0 9
112 0 9
113 1 9
114 0 9
115 0 9
116 0 9
117 0 9
118 0 9
119 1 9
120 0 9
121 0 9
122 0 9
123 1 9
124 0 9
125 0 9
126 0 9
127 3 9
128 0 9
129 0 9
130 1 9
131 0 9
132 0 9
133 0 9
134 0 9
135 0 9
136 0 9
137 0 9
138 0 9
139 0 9
140 0 9
141 7 9
142 1 9
143 0 9
144 1 9
145 0 9
146 5 9
147 6 9
148 0 9
149 2 9
150 0 9
151 0 9
152 0 9
153 0 9
154 1 9
155 4 9
156 0 9
157 1 9
158 0 9
159 2 9
160 0 9
161 0 9
162 0 9
163 3 9
164 0 9
165 0 9
166 5 9
167 6 9
168 2 9
169 0 9
170 1 9
171 0 9
172 4 9
173 11 11
174 2 11
175 0 11
176 9 11
177 0 11
178 1 11
179 0 11
180 0 11
181 0 11
182 2 11
183 0 11
184 0 11
185 0 11
186 1 11
187 7 11
188 0 11
189 0 11
190 0 11
191 0 11
192 0 11
193 1 11
194 1 11
195 27 27
196 16 27
197 1 27
198 3 27
199 0 27
200 24 27
201 25 27
202 9 27
203 35 35
204 8 35
205 11 35
206 0 35
207 7 35
208 13 35
209 0 35
210 1 35
211 0 35
212 1 35
213 3 35
214 0 35
215 1 35
216 29 35
217 9 35
218 1 35
219 14 35
220 8 35
221 12 35
222 4 35
223 36 36
224 25 36
225 25 36
226 37 37
227 10 37
228 12 37
229 18 37
230 0 37
231 7 37
232 32 37
233 31 37
234 9 37
235 15 37
236 20 37
237 9 37
238 14 37
239 31 37
240 1 37
241 16 37
242 26 37
243 18 37
244 21 37
245 26 37
246 7 37
247 31 37
248 12 37
249 21 37
250 18 37
251 27 37
252 17 37
253 13 37
254 10 37
255 11 37
256 11 37
257 2 37
258 1 37
259 14 37
260 2 37
261 3 37
262 3 37
263 11 37
264 3 37
265 35 37
266 28 37
267 38 38
268 10 38
269 21 38
270 17 38
271 27 38
272 29 38
273 19 38
274 30 38
275 26 38
276 24 38
277 19 38
278 13 38
279 0 38
280 24 38
281 47 47
282 29 47
283 4 47
284 24 47
285 34 47
286 3 47
287 16 47
288 16 47
289 40 47
290 28 47
291 0 47
292 26 47
293 38 47
294 30 47
295 20 47
296 9 47
297 29 47
298 23 47
299 8 47
300 32 47
301 9 47
