1 1 1
2 1 1
3 0 1
4 1 1
5 0 1
6 2 2
7 0 2
8 0 2
9 0 2
10 1 2
11 1 2
12 1 2
13 2 2
14 0 2
15 0 2
16 2 2
17 1 2
18 1 2
19 2 2
20 1 2
21 1 2
22 0 2
23 0 2
24 3 3
25 1 3
26 0 3
27 1 3
28 1 3
29 0 3
30 2 3
31 0 3
32 3 3
33 0 3
34 1 3
35 0 3
36 0 3
37 0 3
38 2 3
39 1 3
40 1 3
41 2 3
42 0 3
43 2 3
44 1 3
45 0 3
46 0 3
47 0 3
48 0 3
49 2 3
50 0 3
51 0 3
52 0 3
53 0 3
54 1 3
55 0 3
56 2 3
57 0 3
58 1 3
59 0 3
60 0 3
61 1 3
62 1 3
63 0 3
64 0 3
65 0 3
66 0 3
67 0 3
68 0 3
69 0 3
70 1 3
71 0 3
72 0 3
73 0 3
74 0 3
75 0 3
76 0 3
77 4 4
78 1 4
79 0 4
80 1 4
81 0 4
82 2 4
83 0 4
84 0 4
85 0 4
86 0 4
87 1 4
88 0 4
89 0 4
90 0 4
91 0 4
92 0 4
93 0 4
94 0 4
95 1 4
96 0 4
97 0 4
98 0 4
99 0 4
100 0 4
101 0 4
102 0 4
103 0 4
104 0 4
105 0 4
106 0 4
107 0 4
108 0 4
109 0 4
110 0 4
111 0 4
112 0 4
113 0 4
114 0 4
115 0 4
116 0 4
117 0 4
118 0 4
119 0 4
120 0 4
121 0 4
122 0 4
123 0 4
124 0 4
125 0 4
126 0 4
127 0 4
128 1 4
129 0 4
130 1 4
131 0 4
132 0 4
133 0 4
134 0 4
135 0 4
136 0 4
137 0 4
138 0 4
139 0 4
140 0 4
141 0 4
142 0 4
143 0 4
144 0 4
145 0 4
146 0 4
147 1 4
148 0 4
149 0 4
150 0 4
151 0 4
152 1 4
153 0 4
154 0 4
155 0 4
156 0 4
157 0 4
158 1 4
159 1 4
160 0 4
161 0 4
162 0 4
163 0 4
164 0 4
165 0 4
166 0 4
167 0 4
168 1 4
169 1 4
170 0 4
171 0 4
172 0 4
173 0 4
174 0 4
175 0 4
176 0 4
177 0 4
178 0 4
179 0 4
180 0 4
181 0 4
182 0 4
183 0 4
184 0 4
185 1 4
186 0 4
187 0 4
188 0 4
189 0 4
190 0 4
191 0 4
192 0 4
193 0 4
194 0 4
195 0 4
196 0 4
197 0 4
198 0 4
199 0 4
200 0 4
201 0 4
202 0 4
203 0 4
204 0 4
205 0 4
206 0 4
207 0 4
208 0 4
209 0 4
210 0 4
211 0 4
212 0 4
213 0 4
214 0 4
215 2 4
216 0 4
217 0 4
218 0 4
219 0 4
220 0 4
221 1 4
222 0 4
223 0 4
224 0 4
225 0 4
226 0 4
227 0 4
228 1 4
229 0 4
230 0 4
231 0 4
232 1 4
233 0 4
234 0 4
235 0 4
236 0 4
237 0 4
238 4 4
239 0 4
240 0 4
241 0 4
242 0 4
243 0 4
244 0 4
245 0 4
246 0 4
247 1 4
248 1 4
249 0 4
250 0 4
251 0 4
252 0 4
253 0 4
254 0 4
255 15 15
256 3 15
257 0 15
258 0 15
259 16 16
260 13 16
261 6 16
262 3 16
263 0 16
264 0 16
265 4 16
266 0 16
267 0 16
268 0 16
269 9 16
270 15 16
271 7 16
272 0 16
273 0 16
274 0 16
275 4 16
276 0 16
277 22 22
278 12 22
279 2 22
280 1 22
281 0 22
282 0 22
283 12 22
284 7 22
285 8 22
286 6 22
287 3 22
288 5 22
289 0 22
290 0 22
291 0 22
292 2 22
293 9 22
294 11 22
295 0 22
296 0 22
297 2 22
298 0 22
299 1 22
300 15 22
301 7 22
