1 0 0
2 0 0
3 0 0
4 0 0
5 0 0
6 0 0
7 0 0
8 0 0
9 0 0
10 0 0
11 0 0
12 1 1
13 1 1
14 1 1
15 0 1
16 0 1
17 0 1
18 1 1
19 0 1
20 0 1
21 0 1
22 0 1
23 0 1
24 0 1
25 0 1
26 0 1
27 0 1
28 0 1
29 0 1
30 0 1
31 0 1
32 0 1
33 0 1
34 0 1
35 0 1
36 0 1
37 0 1
38 0 1
39 0 1
40 0 1
41 0 1
42 0 1
43 0 1
44 0 1
45 0 1
46 0 1
47 1 1
48 1 1
49 0 1
50 0 1
51 0 1
52 0 1
53 0 1
54 0 1
55 0 1
56 0 1
57 0 1
58 0 1
59 0 1
60 0 1
61 0 1
62 0 1
63 0 1
64 1 1
65 0 1
66 0 1
67 0 1
68 0 1
69 1 1
70 0 1
71 0 1
72 0 1
73 0 1
74 0 1
75 0 1
76 0 1
77 0 1
78 0 1
79 0 1
80 0 1
81 0 1
82 1 1
83 0 1
84 0 1
85 0 1
86 0 1
87 1 1
88 1 1
89 0 1
90 0 1
91 0 1
92 0 1
93 0 1
94 0 1
95 1 1
96 0 1
97 0 1
98 1 1
99 0 1
100 0 1
101 0 1
102 0 1
103 0 1
104 0 1
105 0 1
106 0 1
107 0 1
108 1 1
109 0 1
110 0 1
111 0 1
112 0 1
113 0 1
114 0 1
115 2 2
116 1 2
117 0 2
118 1 2
119 0 2
120 0 2
121 0 2
122 1 2
123 1 2
124 0 2
125 1 2
126 1 2
127 1 2
128 0 2
129 1 2
130 0 2
131 1 2
132 1 2
133 0 2
134 0 2
135 0 2
136 1 2
137 1 2
138 0 2
139 3 3
140 0 3
141 0 3
142 0 3
143 1 3
144 0 3
145 0 3
146 3 3
147 1 3
148 3 3
149 1 3
150 0 3
151 0 3
152 1 3
153 1 3
154 1 3
155 0 3
156 0 3
157 1 3
158 1 3
159 0 3
160 1 3
161 1 3
162 2 3
163 1 3
164 0 3
165 2 3
166 1 3
167 0 3
168 1 3
169 3 3
170 0 3
171 0 3
172 2 3
173 0 3
174 2 3
175 0 3
176 0 3
177 1 3
178 2 3
179 1 3
180 0 3
181 0 3
182 0 3
183 0 3
184 0 3
185 0 3
186 2 3
187 1 3
188 2 3
189 1 3
190 1 3
191 0 3
192 0 3
193 1 3
194 2 3
195 0 3
196 1 3
197 0 3
198 0 3
199 4 4
200 2 4
201 0 4
202 7 7
203 7 7
204 7 7
205 3 7
206 0 7
207 5 7
208 11 11
209 7 11
210 1 11
211 0 11
212 2 11
213 11 11
214 5 11
215 15 15
216 23 23
217 4 23
218 9 23
219 0 23
220 21 23
221 12 23
222 0 23
223 3 23
224 0 23
225 8 23
226 13 23
227 21 23
228 16 23
229 8 23
230 20 23
231 0 23
232 6 23
233 22 23
234 0 23
235 3 23
236 7 23
237 23 23
238 22 23
239 13 23
240 26 26
241 17 26
242 24 26
243 25 26
244 12 26
245 20 26
246 11 26
247 18 26
248 39 39
249 36 39
250 16 39
251 18 39
252 20 39
253 32 39
254 38 39
255 33 39
256 35 39
257 7 39
258 20 39
259 46 46
260 11 46
261 17 46
262 17 46
263 2 46
264 34 46
265 8 46
266 3 46
267 0 46
268 26 46
269 45 46
270 25 46
271 15 46
272 10 46
273 19 46
274 70 70
275 27 70
276 4 70
277 10 70
278 43 70
279 25 70
280 25 70
281 19 70
282 32 70
283 14 70
284 40 70
285 49 70
286 30 70
287 24 70
288 56 70
289 21 70
290 52 70
291 33 70
292 41 70
293 16 70
294 18 70
295 47 70
296 19 70
297 47 70
298 50 70
299 62 70
300 7 70
301 23 70
302 32 70
303 12 70
304 34 70
305 4 70
306 21 70
307 22 70
308 19 70
309 27 70
310 33 70
311 19 70
312 9 70
313 12 70
314 19 70
315 20 70
316 32 70
317 9 70
318 16 70
319 13 70
320 32 70
321 15 70
322 20 70
323 15 70
324 24 70
325 16 70
326 18 70
327 11 70
328 62 70
329 62 70
330 20 70
331 11 70
332 18 70
333 38 70
334 30 70
335 30 70
336 24 70
337 22 70
338 47 70
339 32 70
340 31 70
341 26 70
342 12 70
343 21 70
344 22 70
345 24 70
346 17 70
347 18 70
348 9 70
349 53 70
350 26 70
351 58 70
352 61 70
353 26 70
354 22 70
355 36 70
356 32 70
357 49 70
358 14 70
359 52 70
360 22 70
361 10 70
362 24 70
363 22 70
364 26 70
365 12 70
366 74 74
367 31 74
368 17 74
369 51 74
370 21 74
371 10 74
372 19 74
373 6 74
374 29 74
375 59 74
376 39 74
377 44 74
378 22 74
379 33 74
380 13 74
381 32 74
382 16 74
383 55 74
384 19 74
385 20 74
386 10 74
387 19 74
388 25 74
389 58 74
390 53 74
391 30 74
392 25 74
393 15 74
394 24 74
395 21 74
396 45 74
397 18 74
398 19 74
399 26 74
400 51 74
401 21 74
402 4 74
403 16 74
404 13 74
405 32 74
406 18 74
407 11 74
408 18 74
409 14 74
410 26 74
411 32 74
412 20 74
413 26 74
414 22 74
415 36 74
416 24 74
417 29 74
418 8 74
419 70 74
420 22 74
421 41 74
422 10 74
423 40 74
424 45 74
425 50 74
426 10 74
427 17 74
428 9 74
429 28 74
430 31 74
431 30 74
432 25 74
433 34 74
434 7 74
435 29 74
436 16 74
437 72 74
438 41 74
439 8 74
440 34 74
441 31 74
442 40 74
443 27 74
444 29 74
445 41 74
446 13 74
447 32 74
448 24 74
449 10 74
450 12 74
451 41 74
452 22 74
453 38 74
454 12 74
455 38 74
456 25 74
457 37 74
458 21 74
459 24 74
460 31 74
461 22 74
462 33 74
463 22 74
464 15 74
465 32 74
466 28 74
467 24 74
468 29 74
469 20 74
470 47 74
471 47 74
472 23 74
473 14 74
474 28 74
475 26 74
476 18 74
477 16 74
478 29 74
479 24 74
480 27 74
481 29 74
482 26 74
483 21 74
484 5 74
485 23 74
486 19 74
487 11 74
488 45 74
489 57 74
490 19 74
491 16 74
492 20 74
493 24 74
494 9 74
495 49 74
496 29 74
497 14 74
498 38 74
499 27 74
500 74 74
501 61 74
502 31 74
503 52 74
504 50 74
505 36 74
506 90 90
507 23 90
508 18 90
509 37 90
510 20 90
511 51 90
512 16 90
513 31 90
514 38 90
515 27 90
516 98 98
517 43 98
518 30 98
519 50 98
520 11 98
521 48 98
522 18 98
523 27 98
524 12 98
525 32 98
526 54 98
527 20 98
528 9 98
529 47 98
530 31 98
531 39 98
532 42 98
533 30 98
534 16 98
535 37 98
536 32 98
537 5 98
538 23 98
539 15 98
540 47 98
541 15 98
542 31 98
543 44 98
544 53 98
545 20 98
546 21 98
547 29 98
548 32 98
549 27 98
550 14 98
551 28 98
552 27 98
553 8 98
554 15 98
555 19 98
556 27 98
557 33 98
558 24 98
559 18 98
560 36 98
561 59 98
562 46 98
563 15 98
564 48 98
565 14 98
566 21 98
567 9 98
568 28 98
569 25 98
570 30 98
571 24 98
572 31 98
573 17 98
574 21 98
575 21 98
576 36 98
577 16 98
578 22 98
579 40 98
580 10 98
581 28 98
582 37 98
583 23 98
584 12 98
585 40 98
586 33 98
587 22 98
588 16 98
589 18 98
590 33 98
591 24 98
592 23 98
593 36 98
594 29 98
595 39 98
596 41 98
597 33 98
598 21 98
599 33 98
600 32 98
601 18 98
602 37 98
603 11 98
604 35 98
605 17 98
606 37 98
607 25 98
608 18 98
609 16 98
610 20 98
611 19 98
612 19 98
613 43 98
614 24 98
615 26 98
616 51 98
617 15 98
618 4 98
619 30 98
620 12 98
621 31 98
622 31 98
623 33 98
624 28 98
625 11 98
626 29 98
627 20 98
628 22 98
629 27 98
630 25 98
631 29 98
632 49 98
633 22 98
634 23 98
635 41 98
636 36 98
637 22 98
638 31 98
639 32 98
640 49 98
641 43 98
642 44 98
643 21 98
644 57 98
645 67 98
646 62 98
647 43 98
648 47 98
649 20 98
650 20 98
651 33 98
652 25 98
653 8 98
654 18 98
655 9 98
656 10 98
657 6 98
658 19 98
659 24 98
660 20 98
661 23 98
662 4 98
663 29 98
664 23 98
665 8 98
666 17 98
667 58 98
668 30 98
669 47 98
670 26 98
671 11 98
672 30 98
673 7 98
674 32 98
675 20 98
676 3 98
677 32 98
678 40 98
679 32 98
680 22 98
681 20 98
682 39 98
683 17 98
684 10 98
685 13 98
686 27 98
687 14 98
688 23 98
689 15 98
690 34 98
691 21 98
692 31 98
693 22 98
694 36 98
695 42 98
696 15 98
697 2 98
698 15 98
699 15 98
700 5 98
701 25 98
702 24 98
703 4 98
704 22 98
705 25 98
706 14 98
707 15 98
708 47 98
709 5 98
710 22 98
711 44 98
712 41 98
713 48 98
714 23 98
715 12 98
716 44 98
717 17 98
718 26 98
719 29 98
720 24 98
721 37 98
722 32 98
723 27 98
724 33 98
725 18 98
726 17 98
727 29 98
728 26 98
729 20 98
730 13 98
731 23 98
732 27 98
733 18 98
734 13 98
735 18 98
736 12 98
737 37 98
738 39 98
739 40 98
740 16 98
741 33 98
742 14 98
743 24 98
744 21 98
745 23 98
746 25 98
747 30 98
748 22 98
749 18 98
750 24 98
751 26 98
752 9 98
753 13 98
754 64 98
755 26 98
756 24 98
757 16 98
758 24 98
759 31 98
760 5 98
761 26 98
762 15 98
763 22 98
764 26 98
765 44 98
766 30 98
767 42 98
768 23 98
769 16 98
770 61 98
771 38 98
772 18 98
773 24 98
774 21 98
775 39 98
776 39 98
777 10 98
778 58 98
779 40 98
780 50 98
781 29 98
782 42 98
783 63 98
784 10 98
785 18 98
786 17 98
787 39 98
788 16 98
789 18 98
790 18 98
791 17 98
792 19 98
793 31 98
794 32 98
795 36 98
796 14 98
797 15 98
798 11 98
799 25 98
800 28 98
801 32 98
802 15 98
803 36 98
804 41 98
805 12 98
806 54 98
807 33 98
808 38 98
809 18 98
810 38 98
811 31 98
812 38 98
813 42 98
814 36 98
815 45 98
816 9 98
817 20 98
818 24 98
819 38 98
820 9 98
821 41 98
822 17 98
823 48 98
824 33 98
825 35 98
826 12 98
827 35 98
828 44 98
829 27 98
830 33 98
831 44 98
832 19 98
833 27 98
834 18 98
835 32 98
836 27 98
837 22 98
838 23 98
839 26 98
840 31 98
841 16 98
842 35 98
843 41 98
844 36 98
845 47 98
846 18 98
847 18 98
848 20 98
849 32 98
850 37 98
851 33 98
852 22 98
853 19 98
854 24 98
855 26 98
856 28 98
857 17 98
858 27 98
859 6 98
860 28 98
861 47 98
862 43 98
863 33 98
864 39 98
865 29 98
866 25 98
867 16 98
868 35 98
869 34 98
870 38 98
871 26 98
872 8 98
873 39 98
874 21 98
875 22 98
876 37 98
877 27 98
878 34 98
879 37 98
880 36 98
881 29 98
882 28 98
883 44 98
884 50 98
885 34 98
886 44 98
887 41 98
888 33 98
889 30 98
890 16 98
891 18 98
892 22 98
893 32 98
894 39 98
895 25 98
896 48 98
897 19 98
898 35 98
899 44 98
900 16 98
901 24 98
902 38 98
903 29 98
904 31 98
905 18 98
906 15 98
907 31 98
908 40 98
909 19 98
910 9 98
911 15 98
912 43 98
913 25 98
914 44 98
915 30 98
916 33 98
917 30 98
918 28 98
919 25 98
920 34 98
921 38 98
922 23 98
923 17 98
924 29 98
925 43 98
926 17 98
927 45 98
928 14 98
929 17 98
930 36 98
931 19 98
932 17 98
933 37 98
934 22 98
935 22 98
936 47 98
937 25 98
938 23 98
939 14 98
940 47 98
941 35 98
942 21 98
943 25 98
944 6 98
945 8 98
946 20 98
947 45 98
948 32 98
949 32 98
950 26 98
951 54 98
952 24 98
953 20 98
954 16 98
955 17 98
956 19 98
957 21 98
958 27 98
959 21 98
960 31 98
961 19 98
962 14 98
963 1 98
964 12 98
965 29 98
966 24 98
967 35 98
968 27 98
969 14 98
970 33 98
971 33 98
972 35 98
973 12 98
974 42 98
975 27 98
976 28 98
977 14 98
978 50 98
979 20 98
980 20 98
981 13 98
982 41 98
983 48 98
984 31 98
985 15 98
986 3 98
987 38 98
988 29 98
989 17 98
990 36 98
991 18 98
992 22 98
993 15 98
994 5 98
995 28 98
996 25 98
997 10 98
998 12 98
999 33 98
1000 35 98
1001 12 98
