1 0 0
2 0 0
3 0 0
4 0 0
5 0 0
6 0 0
7 0 0
8 0 0
9 0 0
10 0 0
11 0 0
12 0 0
13 0 0
14 0 0
15 0 0
16 0 0
17 0 0
18 0 0
19 0 0
20 1 1
21 0 1
22 0 1
23 0 1
24 0 1
25 0 1
26 1 1
27 0 1
28 0 1
29 0 1
30 0 1
31 0 1
32 0 1
33 0 1
34 0 1
35 1 1
36 1 1
37 0 1
38 0 1
39 0 1
40 0 1
41 0 1
42 0 1
43 0 1
44 0 1
45 0 1
46 1 1
47 0 1
48 1 1
49 0 1
50 0 1
51 0 1
52 0 1
53 0 1
54 1 1
55 0 1
56 0 1
57 1 1
58 0 1
59 0 1
60 0 1
61 0 1
62 0 1
63 0 1
64 0 1
65 1 1
66 0 1
67 0 1
68 1 1
69 0 1
70 0 1
71 0 1
72 0 1
73 0 1
74 0 1
75 0 1
76 0 1
77 0 1
78 0 1
79 0 1
80 0 1
81 0 1
82 0 1
83 1 1
84 0 1
85 0 1
86 0 1
87 1 1
88 0 1
89 0 1
90 0 1
91 0 1
92 0 1
93 1 1
94 0 1
95 0 1
96 0 1
97 0 1
98 0 1
99 1 1
100 0 1
101 0 1
102 0 1
103 0 1
104 2 2
105 0 2
106 0 2
107 0 2
108 0 2
109 1 2
110 0 2
111 0 2
112 0 2
113 0 2
114 1 2
115 1 2
116 1 2
117 1 2
118 1 2
119 1 2
120 0 2
121 0 2
122 0 2
123 0 2
124 2 2
125 0 2
126 0 2
127 1 2
128 0 2
129 0 2
130 0 2
131 2 2
132 0 2
133 1 2
134 0 2
135 0 2
136 0 2
137 0 2
138 1 2
139 0 2
140 1 2
141 0 2
142 0 2
143 0 2
144 1 2
145 1 2
146 1 2
147 1 2
148 1 2
149 0 2
150 0 2
151 0 2
152 3 3
153 0 3
154 0 3
155 0 3
156 0 3
157 0 3
158 0 3
159 0 3
160 0 3
161 0 3
162 0 3
163 0 3
164 1 3
165 0 3
166 0 3
167 0 3
168 1 3
169 3 3
170 1 3
171 0 3
172 1 3
173 1 3
174 1 3
175 0 3
176 1 3
177 0 3
178 1 3
179 3 3
180 3 3
181 0 3
182 1 3
183 1 3
184 0 3
185 0 3
186 0 3
187 0 3
188 0 3
189 0 3
190 0 3
191 2 3
192 1 3
193 2 3
194 1 3
195 0 3
196 0 3
197 0 3
198 0 3
199 2 3
200 0 3
201 0 3
202 0 3
203 0 3
204 3 3
205 4 4
206 0 4
207 1 4
208 1 4
209 1 4
210 2 4
211 0 4
212 0 4
213 0 4
214 1 4
215 0 4
216 1 4
217 0 4
218 4 4
219 2 4
220 0 4
221 2 4
222 1 4
223 2 4
224 4 4
225 0 4
226 10 10
227 0 10
228 1 10
229 0 10
230 0 10
231 3 10
232 2 10
233 11 11
234 9 11
235 1 11
236 4 11
237 1 11
238 6 11
239 0 11
240 1 11
241 0 11
242 13 13
243 5 13
244 0 13
245 0 13
246 4 13
247 1 13
248 0 13
249 2 13
250 0 13
251 0 13
252 12 13
253 5 13
254 11 13
255 14 14
256 21 21
257 0 21
258 3 21
259 0 21
260 5 21
261 22 22
262 21 22
263 16 22
264 18 22
265 12 22
266 22 22
267 1 22
268 8 22
269 21 22
270 22 22
271 17 22
272 5 22
273 16 22
274 32 32
275 23 32
276 13 32
277 55 55
278 9 55
279 27 55
280 26 55
281 20 55
282 21 55
283 9 55
284 18 55
285 14 55
286 10 55
287 19 55
288 45 55
289 0 55
290 0 55
291 12 55
292 0 55
293 27 55
294 22 55
295 6 55
296 15 55
297 8 55
298 30 55
299 10 55
300 27 55
301 17 55
302 30 55
303 6 55
304 20 55
305 10 55
306 34 55
307 13 55
308 1 55
309 0 55
310 0 55
311 2 55
312 7 55
313 19 55
314 20 55
315 21 55
316 31 55
317 22 55
318 17 55
319 57 57
320 39 57
321 14 57
322 7 57
323 30 57
324 23 57
325 62 62
326 46 62
327 86 86
328 24 86
329 32 86
330 13 86
331 25 86
332 23 86
333 21 86
334 23 86
335 21 86
336 11 86
337 25 86
338 7 86
339 37 86
340 34 86
341 13 86
342 10 86
343 14 86
344 25 86
345 16 86
346 48 86
347 13 86
348 33 86
349 10 86
350 13 86
351 19 86
352 14 86
353 20 86
354 13 86
355 13 86
356 9 86
357 18 86
358 23 86
359 18 86
360 12 86
361 7 86
362 15 86
363 35 86
364 38 86
365 5 86
366 19 86
367 27 86
368 16 86
369 8 86
370 4 86
371 15 86
372 5 86
373 27 86
374 27 86
375 43 86
376 20 86
377 18 86
378 27 86
379 45 86
380 17 86
381 19 86
382 16 86
383 30 86
384 26 86
385 12 86
386 18 86
387 28 86
388 33 86
389 11 86
390 25 86
391 13 86
392 21 86
393 14 86
394 15 86
395 12 86
396 9 86
397 34 86
398 32 86
399 27 86
400 21 86
401 37 86
402 9 86
403 34 86
404 47 86
405 27 86
406 30 86
407 27 86
408 11 86
409 15 86
410 19 86
411 15 86
412 41 86
413 29 86
414 32 86
415 11 86
416 33 86
417 22 86
418 52 86
419 39 86
420 60 86
421 14 86
422 6 86
423 10 86
424 22 86
425 27 86
426 19 86
427 32 86
428 45 86
429 58 86
430 26 86
431 20 86
432 47 86
433 36 86
434 38 86
435 13 86
436 30 86
437 46 86
438 11 86
439 9 86
440 26 86
441 15 86
442 10 86
443 47 86
444 18 86
445 119 119
446 7 119
447 36 119
448 7 119
449 14 119
450 19 119
451 34 119
452 18 119
453 55 119
454 72 119
455 33 119
456 21 119
457 42 119
458 26 119
459 56 119
460 23 119
461 38 119
462 13 119
463 26 119
464 29 119
465 1 119
466 28 119
467 23 119
468 20 119
469 34 119
470 17 119
471 17 119
472 16 119
473 10 119
474 19 119
475 42 119
476 35 119
477 62 119
478 25 119
479 15 119
480 40 119
481 39 119
482 30 119
483 12 119
484 37 119
485 26 119
486 9 119
487 21 119
488 28 119
489 21 119
490 52 119
491 29 119
492 13 119
493 17 119
494 15 119
495 20 119
496 23 119
497 19 119
498 3 119
499 19 119
500 35 119
501 22 119
502 28 119
503 26 119
504 17 119
505 34 119
506 24 119
507 33 119
508 16 119
509 21 119
510 6 119
511 19 119
512 16 119
513 12 119
514 32 119
515 24 119
516 10 119
517 21 119
518 49 119
519 22 119
520 23 119
521 11 119
522 22 119
523 13 119
524 19 119
525 16 119
526 14 119
527 13 119
528 33 119
529 37 119
530 8 119
531 19 119
532 20 119
533 21 119
534 42 119
535 22 119
536 44 119
537 50 119
538 30 119
539 42 119
540 25 119
541 57 119
542 30 119
543 22 119
544 18 119
545 7 119
546 20 119
547 23 119
548 37 119
549 21 119
550 34 119
551 29 119
552 45 119
553 32 119
554 45 119
555 18 119
556 24 119
557 21 119
558 15 119
559 33 119
560 44 119
561 18 119
562 16 119
563 26 119
564 22 119
565 21 119
566 22 119
567 27 119
568 22 119
569 6 119
570 25 119
571 21 119
572 38 119
573 36 119
574 43 119
575 31 119
576 37 119
577 33 119
578 35 119
579 45 119
580 44 119
581 88 119
582 45 119
583 44 119
584 16 119
585 51 119
586 46 119
587 17 119
588 39 119
589 54 119
590 13 119
591 49 119
592 13 119
593 21 119
594 33 119
595 55 119
596 27 119
597 25 119
598 22 119
599 26 119
600 32 119
601 49 119
602 20 119
603 34 119
604 46 119
605 24 119
606 51 119
607 23 119
608 12 119
609 23 119
610 26 119
611 59 119
612 37 119
613 25 119
614 34 119
615 32 119
616 15 119
617 48 119
618 26 119
619 30 119
620 26 119
621 29 119
622 24 119
623 37 119
624 13 119
625 64 119
626 20 119
627 15 119
628 35 119
629 28 119
630 33 119
631 26 119
632 35 119
633 20 119
634 33 119
635 28 119
636 13 119
637 11 119
638 35 119
639 28 119
640 24 119
641 30 119
642 27 119
643 10 119
644 38 119
645 29 119
646 43 119
647 40 119
648 27 119
649 44 119
650 37 119
651 35 119
652 33 119
653 25 119
654 45 119
655 44 119
656 63 119
657 65 119
658 10 119
659 7 119
660 34 119
661 26 119
662 23 119
663 27 119
664 20 119
665 51 119
666 26 119
667 15 119
668 37 119
669 5 119
670 23 119
671 48 119
672 34 119
673 25 119
674 41 119
675 16 119
676 17 119
677 29 119
678 27 119
679 37 119
680 39 119
681 56 119
682 12 119
683 18 119
684 59 119
685 24 119
686 60 119
687 73 119
688 41 119
689 49 119
690 39 119
691 35 119
692 5 119
693 31 119
694 28 119
695 25 119
696 15 119
697 8 119
698 31 119
699 23 119
700 38 119
701 6 119
702 33 119
703 20 119
704 33 119
705 16 119
706 33 119
707 11 119
708 39 119
709 26 119
710 51 119
711 35 119
712 19 119
713 16 119
714 20 119
715 13 119
716 34 119
717 26 119
718 22 119
719 28 119
720 13 119
721 32 119
722 67 119
723 16 119
724 44 119
725 29 119
726 29 119
727 20 119
728 15 119
729 49 119
730 43 119
731 16 119
732 23 119
733 25 119
734 34 119
735 24 119
736 15 119
737 32 119
738 43 119
739 41 119
740 19 119
741 14 119
742 36 119
743 17 119
744 22 119
745 32 119
746 22 119
747 27 119
748 17 119
749 18 119
750 55 119
751 20 119
752 34 119
753 42 119
754 30 119
755 44 119
756 22 119
757 17 119
758 42 119
759 36 119
760 52 119
761 20 119
762 32 119
763 33 119
764 41 119
765 17 119
766 30 119
767 42 119
768 23 119
769 11 119
770 28 119
771 41 119
772 57 119
773 19 119
774 34 119
775 37 119
776 51 119
777 49 119
778 21 119
779 34 119
780 28 119
781 17 119
782 19 119
783 19 119
784 29 119
785 33 119
786 28 119
787 31 119
788 42 119
789 33 119
790 25 119
791 44 119
792 26 119
793 22 119
794 16 119
795 21 119
796 29 119
797 30 119
798 18 119
799 38 119
800 55 119
801 9 119
802 29 119
803 89 119
804 20 119
805 22 119
806 14 119
807 49 119
808 44 119
809 25 119
810 28 119
811 36 119
812 52 119
813 9 119
814 15 119
815 41 119
816 44 119
817 34 119
818 38 119
819 23 119
820 34 119
821 33 119
822 33 119
823 27 119
824 21 119
825 23 119
826 22 119
827 41 119
828 47 119
829 23 119
830 22 119
831 31 119
832 29 119
833 39 119
834 23 119
835 11 119
836 30 119
837 19 119
838 14 119
839 4 119
840 24 119
841 17 119
842 5 119
843 33 119
844 31 119
845 27 119
846 12 119
847 20 119
848 30 119
849 35 119
850 16 119
851 7 119
852 34 119
853 16 119
854 25 119
855 34 119
856 38 119
857 18 119
858 10 119
859 16 119
860 58 119
861 48 119
862 15 119
863 44 119
864 17 119
865 12 119
866 19 119
867 51 119
868 9 119
869 12 119
870 30 119
871 32 119
872 14 119
873 18 119
874 35 119
875 16 119
876 60 119
877 31 119
878 32 119
879 22 119
880 48 119
881 19 119
882 30 119
883 36 119
884 77 119
885 9 119
886 65 119
887 34 119
888 33 119
889 23 119
890 42 119
891 31 119
892 17 119
893 37 119
894 25 119
895 43 119
896 27 119
897 16 119
898 37 119
899 25 119
900 19 119
901 14 119
902 9 119
903 30 119
904 55 119
905 45 119
906 41 119
907 13 119
908 22 119
909 10 119
910 37 119
911 36 119
912 44 119
913 36 119
914 48 119
915 24 119
916 28 119
917 24 119
918 41 119
919 39 119
920 37 119
921 43 119
922 15 119
923 30 119
924 27 119
925 33 119
926 18 119
927 27 119
928 52 119
929 10 119
930 63 119
931 25 119
932 43 119
933 14 119
934 25 119
935 30 119
936 20 119
937 16 119
938 7 119
939 13 119
940 45 119
941 26 119
942 19 119
943 35 119
944 34 119
945 30 119
946 34 119
947 21 119
948 23 119
949 25 119
950 13 119
951 31 119
952 20 119
953 28 119
954 12 119
955 30 119
956 31 119
957 22 119
958 18 119
959 11 119
960 31 119
961 33 119
962 25 119
963 28 119
964 31 119
965 18 119
966 11 119
967 29 119
968 33 119
969 22 119
970 38 119
971 21 119
972 14 119
973 45 119
974 22 119
975 24 119
976 22 119
977 15 119
978 29 119
979 31 119
980 17 119
981 13 119
982 41 119
983 15 119
984 27 119
985 24 119
986 20 119
987 23 119
988 26 119
989 29 119
990 22 119
991 22 119
992 31 119
993 28 119
994 26 119
995 11 119
996 22 119
997 17 119
998 111 119
999 34 119
1000 38 119
1001 23 119
