1 0 0
2 0 0
3 0 0
4 0 0
5 0 0
6 0 0
7 0 0
8 0 0
9 0 0
10 0 0
11 0 0
12 0 0
13 0 0
14 0 0
15 0 0
16 1 1
17 1 1
18 0 1
19 1 1
20 0 1
21 0 1
22 0 1
23 0 1
24 0 1
25 1 1
26 1 1
27 1 1
28 1 1
29 0 1
30 1 1
31 2 2
32 1 2
33 1 2
34 1 2
35 1 2
36 0 2
37 1 2
38 1 2
39 2 2
40 1 2
41 1 2
42 1 2
43 2 2
44 1 2
45 1 2
46 3 3
47 1 3
48 1 3
49 4 4
50 1 4
51 1 4
52 3 4
53 1 4
54 1 4
55 2 4
56 0 4
57 1 4
58 2 4
59 1 4
60 1 4
61 2 4
62 1 4
63 1 4
64 2 4
65 4 4
66 0 4
67 1 4
68 1 4
69 4 4
70 1 4
71 5 5
72 0 5
73 0 5
74 6 6
75 2 6
76 1 6
77 1 6
78 1 6
79 4 6
80 9 9
81 1 9
82 2 9
83 1 9
84 1 9
85 1 9
86 2 9
87 2 9
88 9 9
89 1 9
90 1 9
91 9 9
92 17 17
93 15 17
94 12 17
95 1 17
96 22 22
97 8 22
98 6 22
99 5 22
100 5 22
101 11 22
102 6 22
103 18 22
104 15 22
105 20 22
106 13 22
107 13 22
108 24 24
109 4 24
110 23 24
111 31 31
112 35 35
113 21 35
114 10 35
115 15 35
116 9 35
117 14 35
118 24 35
119 26 35
120 9 35
121 0 35
122 17 35
123 2 35
124 9 35
125 11 35
126 6 35
127 16 35
128 13 35
129 14 35
130 18 35
131 12 35
132 23 35
133 19 35
134 9 35
135 14 35
136 14 35
137 12 35
138 25 35
139 2 35
140 26 35
141 24 35
142 8 35
143 30 35
144 26 35
145 11 35
146 26 35
147 19 35
148 6 35
149 0 35
150 5 35
151 20 35
152 6 35
153 3 35
154 6 35
155 22 35
156 9 35
157 14 35
158 24 35
159 18 35
160 33 35
161 12 35
162 35 35
163 12 35
164 6 35
165 24 35
166 11 35
167 22 35
168 19 35
169 23 35
170 18 35
171 11 35
172 10 35
173 4 35
174 19 35
175 3 35
176 6 35
177 15 35
178 9 35
179 20 35
180 22 35
181 22 35
182 16 35
183 19 35
184 18 35
185 16 35
186 30 35
187 33 35
188 23 35
189 28 35
190 10 35
191 39 39
192 29 39
193 11 39
194 21 39
195 21 39
196 23 39
197 1 39
198 21 39
199 22 39
200 2 39
201 14 39
202 10 39
203 20 39
204 18 39
205 19 39
206 17 39
207 11 39
208 26 39
209 6 39
210 24 39
211 28 39
212 30 39
213 12 39
214 19 39
215 10 39
216 0 39
217 17 39
218 0 39
219 23 39
220 24 39
221 24 39
222 13 39
223 17 39
224 9 39
225 17 39
226 24 39
227 17 39
228 31 39
229 18 39
230 17 39
231 21 39
232 13 39
233 15 39
234 13 39
235 6 39
236 31 39
237 12 39
238 23 39
239 18 39
240 0 39
241 13 39
242 4 39
243 0 39
244 0 39
245 28 39
246 33 39
247 5 39
248 14 39
249 16 39
250 20 39
251 25 39
252 14 39
253 1 39
254 5 39
255 0 39
256 0 39
257 25 39
258 8 39
259 28 39
260 32 39
261 24 39
262 40 40
263 18 40
264 19 40
265 6 40
266 13 40
267 1 40
268 0 40
269 17 40
270 20 40
271 5 40
272 11 40
273 17 40
274 11 40
275 31 40
276 23 40
277 15 40
278 23 40
279 17 40
280 27 40
281 15 40
282 23 40
283 13 40
284 14 40
285 3 40
286 32 40
287 33 40
288 27 40
289 49 49
290 26 49
291 21 49
292 31 49
293 16 49
294 24 49
295 35 49
296 19 49
297 8 49
298 17 49
299 5 49
300 13 49
301 17 49
