1 0 0
2 0 0
3 0 0
4 0 0
5 0 0
6 0 0
7 0 0
8 0 0
9 0 0
10 0 0
11 0 0
12 0 0
13 0 0
14 0 0
15 0 0
16 0 0
17 0 0
18 0 0
19 1 1
20 0 1
21 0 1
22 0 1
23 0 1
24 0 1
25 0 1
26 0 1
27 0 1
28 0 1
29 0 1
30 0 1
31 0 1
32 1 1
33 0 1
34 0 1
35 0 1
36 0 1
37 1 1
38 2 2
39 2 2
40 1 2
41 2 2
42 1 2
43 1 2
44 0 2
45 1 2
46 0 2
47 1 2
48 0 2
49 1 2
50 1 2
51 1 2
52 0 2
53 1 2
54 0 2
55 1 2
56 0 2
57 1 2
58 2 2
59 1 2
60 2 2
61 1 2
62 1 2
63 1 2
64 2 2
65 1 2
66 0 2
67 0 2
68 2 2
69 2 2
70 1 2
71 1 2
72 3 3
73 4 4
74 11 11
75 1 11
76 2 11
77 1 11
78 3 11
79 3 11
80 7 11
81 2 11
82 2 11
83 9 11
84 4 11
85 1 11
86 5 11
87 7 11
88 9 11
89 2 11
90 17 17
91 13 17
92 15 17
93 12 17
94 10 17
95 32 32
96 10 32
97 0 32
98 0 32
99 7 32
100 0 32
101 0 32
102 28 32
103 18 32
104 12 32
105 18 32
106 19 32
107 16 32
108 8 32
109 11 32
110 22 32
111 9 32
112 6 32
113 16 32
114 21 32
115 0 32
116 0 32
117 0 32
118 0 32
119 11 32
120 4 32
121 7 32
122 11 32
123 5 32
124 7 32
125 3 32
126 0 32
127 1 32
128 0 32
129 3 32
130 1 32
131 2 32
132 2 32
133 17 32
134 12 32
135 16 32
136 6 32
137 2 32
138 6 32
139 31 32
140 26 32
141 23 32
142 15 32
143 19 32
144 17 32
145 17 32
146 17 32
147 0 32
148 0 32
149 7 32
150 5 32
151 22 32
152 0 32
153 11 32
154 9 32
155 9 32
156 33 33
157 12 33
158 0 33
159 5 33
160 14 33
161 3 33
162 13 33
163 10 33
164 9 33
165 23 33
166 16 33
167 24 33
168 5 33
169 26 33
170 5 33
171 16 33
172 14 33
173 5 33
174 31 33
175 6 33
176 10 33
177 22 33
178 26 33
179 6 33
180 20 33
181 12 33
182 18 33
183 26 33
184 32 33
185 11 33
186 12 33
187 11 33
188 7 33
189 11 33
190 25 33
191 24 33
192 16 33
193 5 33
194 17 33
195 16 33
196 23 33
197 14 33
198 19 33
199 33 33
200 18 33
201 25 33
202 7 33
203 20 33
204 9 33
205 15 33
206 4 33
207 15 33
208 19 33
209 25 33
210 11 33
211 33 33
212 9 33
213 40 40
214 13 40
215 30 40
216 35 40
217 37 40
218 23 40
219 15 40
220 0 40
221 6 40
222 6 40
223 12 40
224 21 40
225 18 40
226 19 40
227 19 40
228 17 40
229 24 40
230 26 40
231 12 40
232 15 40
233 22 40
234 7 40
235 28 40
236 3 40
237 21 40
238 24 40
239 23 40
240 9 40
241 21 40
242 0 40
243 28 40
244 21 40
245 6 40
246 0 40
247 17 40
248 18 40
249 31 40
250 13 40
251 18 40
252 30 40
253 7 40
254 0 40
255 7 40
256 25 40
257 7 40
258 27 40
259 8 40
260 18 40
261 16 40
262 14 40
263 14 40
264 0 40
265 7 40
266 23 40
267 15 40
268 9 40
269 19 40
270 21 40
271 13 40
272 14 40
273 26 40
274 13 40
275 14 40
276 19 40
277 38 40
278 18 40
279 0 40
280 8 40
281 30 40
282 49 49
283 29 49
284 8 49
285 14 49
286 20 49
287 30 49
288 22 49
289 29 49
290 17 49
291 11 49
292 11 49
293 31 49
294 9 49
295 28 49
296 31 49
297 5 49
298 21 49
299 19 49
300 9 49
301 35 49
