1 0 0
2 0 0
3 0 0
4 1 1
5 0 1
6 0 1
7 0 1
8 0 1
9 0 1
10 0 1
11 0 1
12 0 1
13 0 1
14 0 1
15 0 1
16 0 1
17 1 1
18 1 1
19 1 1
20 1 1
21 0 1
22 1 1
23 1 1
24 2 2
25 1 2
26 0 2
27 1 2
28 1 2
29 1 2
30 1 2
31 2 2
32 1 2
33 2 2
34 1 2
35 0 2
36 1 2
37 1 2
38 1 2
39 1 2
40 3 3
41 5 5
42 5 5
43 1 5
44 1 5
45 2 5
46 2 5
47 2 5
48 3 5
49 1 5
50 0 5
51 1 5
52 1 5
53 1 5
54 2 5
55 1 5
56 1 5
57 1 5
58 2 5
59 1 5
60 1 5
61 0 5
62 1 5
63 6 6
64 3 6
65 6 6
66 2 6
67 3 6
68 2 6
69 1 6
70 3 6
71 5 6
72 3 6
73 1 6
74 1 6
75 1 6
76 1 6
77 1 6
78 1 6
79 1 6
80 3 6
81 1 6
82 0 6
83 0 6
84 3 6
85 15 15
86 12 15
87 4 15
88 2 15
89 1 15
90 6 15
91 10 15
92 1 15
93 3 15
94 1 15
95 1 15
96 0 15
97 9 15
98 1 15
99 0 15
100 2 15
101 3 15
102 1 15
103 9 15
104 24 24
105 0 24
106 0 24
107 13 24
108 10 24
109 27 27
110 20 27
111 14 27
112 13 27
113 24 27
114 12 27
115 19 27
116 26 27
117 9 27
118 21 27
119 11 27
120 26 27
121 21 27
122 1 27
123 8 27
124 14 27
125 16 27
126 8 27
127 14 27
128 7 27
129 4 27
130 17 27
131 31 31
132 15 31
133 7 31
134 17 31
135 16 31
136 18 31
137 22 31
138 21 31
139 13 31
140 1 31
141 1 31
142 0 31
143 3 31
144 7 31
145 5 31
146 15 31
147 24 31
148 25 31
149 12 31
150 34 34
151 12 34
152 7 34
153 22 34
154 16 34
155 23 34
156 21 34
157 30 34
158 23 34
159 33 34
160 15 34
161 21 34
162 15 34
163 13 34
164 33 34
165 9 34
166 16 34
167 25 34
168 18 34
169 1 34
170 19 34
171 12 34
172 15 34
173 39 39
174 30 39
175 2 39
176 29 39
177 14 39
178 13 39
179 5 39
180 24 39
181 19 39
182 23 39
183 37 39
184 22 39
185 16 39
186 4 39
187 8 39
188 21 39
189 16 39
190 9 39
191 22 39
192 14 39
193 22 39
194 24 39
195 21 39
196 27 39
197 10 39
198 11 39
199 11 39
200 23 39
201 8 39
202 6 39
203 12 39
204 18 39
205 13 39
206 30 39
207 15 39
208 18 39
209 32 39
210 30 39
211 21 39
212 17 39
213 23 39
214 53 53
215 40 53
216 9 53
217 33 53
218 26 53
219 1 53
220 3 53
221 4 53
222 19 53
223 27 53
224 29 53
225 22 53
226 12 53
227 39 53
228 13 53
229 22 53
230 24 53
231 16 53
232 29 53
233 26 53
234 2 53
235 29 53
236 19 53
237 15 53
238 33 53
239 12 53
240 28 53
241 11 53
242 22 53
243 42 53
244 12 53
245 15 53
246 30 53
247 33 53
248 38 53
249 23 53
250 38 53
251 25 53
252 9 53
253 36 53
254 26 53
255 18 53
256 18 53
257 32 53
258 18 53
259 13 53
260 16 53
261 12 53
262 21 53
263 16 53
264 8 53
265 16 53
266 20 53
267 32 53
268 39 53
269 20 53
270 42 53
271 32 53
272 19 53
273 7 53
274 25 53
275 21 53
276 19 53
277 33 53
278 27 53
279 21 53
280 26 53
281 18 53
282 19 53
283 13 53
284 14 53
285 25 53
286 15 53
287 8 53
288 13 53
289 4 53
290 18 53
291 27 53
292 28 53
293 16 53
294 25 53
295 33 53
296 35 53
297 20 53
298 1 53
299 2 53
300 48 53
301 21 53
