1 0 0
2 0 0
3 0 0
4 0 0
5 0 0
6 1 1
7 0 1
8 0 1
9 0 1
10 0 1
11 1 1
12 0 1
13 0 1
14 0 1
15 0 1
16 0 1
17 0 1
18 1 1
19 0 1
20 1 1
21 0 1
22 0 1
23 1 1
24 0 1
25 1 1
26 1 1
27 0 1
28 0 1
29 1 1
30 0 1
31 1 1
32 0 1
33 0 1
34 0 1
35 0 1
36 0 1
37 0 1
38 1 1
39 2 2
40 0 2
41 0 2
42 0 2
43 0 2
44 0 2
45 0 2
46 1 2
47 1 2
48 4 4
49 1 4
50 0 4
51 1 4
52 1 4
53 0 4
54 1 4
55 1 4
56 0 4
57 0 4
58 1 4
59 1 4
60 2 4
61 3 4
62 2 4
63 1 4
64 0 4
65 2 4
66 0 4
67 2 4
68 4 4
69 0 4
70 0 4
71 0 4
72 1 4
73 2 4
74 0 4
75 3 4
76 5 5
77 4 5
78 1 5
79 5 5
80 15 15
81 7 15
82 16 16
83 9 16
84 10 16
85 15 16
86 0 16
87 5 16
88 1 16
89 6 16
90 18 18
91 2 18
92 6 18
93 20 20
94 3 20
95 5 20
96 4 20
97 0 20
98 20 20
99 0 20
100 4 20
101 1 20
102 2 20
103 0 20
104 3 20
105 6 20
106 17 20
107 1 20
108 11 20
109 15 20
110 16 20
111 13 20
112 2 20
113 19 20
114 5 20
115 13 20
116 23 23
117 2 23
118 16 23
119 5 23
120 22 23
121 35 35
122 9 35
123 24 35
124 17 35
125 5 35
126 17 35
127 15 35
128 19 35
129 8 35
130 25 35
131 23 35
132 21 35
133 20 35
134 21 35
135 30 35
136 20 35
137 21 35
138 17 35
139 26 35
140 15 35
141 21 35
142 29 35
143 19 35
144 10 35
145 20 35
146 19 35
147 6 35
148 20 35
149 25 35
150 29 35
151 9 35
152 3 35
153 7 35
154 18 35
155 19 35
156 27 35
157 3 35
158 23 35
159 6 35
160 4 35
161 2 35
162 20 35
163 16 35
164 32 35
165 21 35
166 30 35
167 27 35
168 10 35
169 9 35
170 23 35
171 39 39
172 12 39
173 3 39
174 19 39
175 3 39
176 14 39
177 5 39
178 5 39
179 4 39
180 53 53
181 10 53
182 27 53
183 26 53
184 9 53
185 32 53
186 33 53
187 36 53
188 18 53
189 28 53
190 10 53
191 18 53
192 26 53
193 21 53
194 25 53
195 21 53
196 7 53
197 25 53
198 38 53
199 20 53
200 12 53
201 0 53
202 20 53
203 22 53
204 11 53
205 16 53
206 9 53
207 24 53
208 33 53
209 31 53
210 28 53
211 12 53
212 16 53
213 29 53
214 26 53
215 26 53
216 27 53
217 21 53
218 32 53
219 22 53
220 25 53
221 36 53
222 21 53
223 13 53
224 23 53
225 15 53
226 8 53
227 33 53
228 13 53
229 36 53
230 33 53
231 52 53
232 5 53
233 8 53
234 30 53
235 33 53
236 42 53
237 39 53
238 18 53
239 13 53
240 24 53
241 5 53
242 17 53
243 22 53
244 3 53
245 30 53
246 40 53
247 16 53
248 11 53
249 14 53
250 14 53
251 22 53
252 18 53
253 31 53
254 31 53
255 34 53
256 10 53
257 16 53
258 18 53
259 19 53
260 27 53
261 34 53
262 32 53
263 9 53
264 29 53
265 36 53
266 29 53
267 19 53
268 30 53
269 31 53
270 12 53
271 36 53
272 26 53
273 12 53
274 23 53
275 29 53
276 26 53
277 18 53
278 14 53
279 61 61
280 33 61
281 33 61
282 36 61
283 3 61
284 17 61
285 43 61
286 21 61
287 15 61
288 44 61
289 30 61
290 51 61
291 24 61
292 53 61
293 20 61
294 23 61
295 29 61
296 9 61
297 6 61
298 29 61
299 18 61
300 3 61
301 2 61
