1 0 0
2 1 1
3 1 1
4 0 1
5 0 1
6 0 1
7 0 1
8 1 1
9 0 1
10 0 1
11 0 1
12 1 1
13 0 1
14 2 2
15 1 2
16 2 2
17 0 2
18 1 2
19 1 2
20 1 2
21 0 2
22 3 3
23 3 3
24 1 3
25 0 3
26 1 3
27 0 3
28 0 3
29 1 3
30 0 3
31 1 3
32 4 4
33 1 4
34 1 4
35 1 4
36 2 4
37 3 4
38 3 4
39 1 4
40 3 4
41 1 4
42 2 4
43 2 4
44 0 4
45 1 4
46 3 4
47 1 4
48 1 4
49 3 4
50 1 4
51 2 4
52 2 4
53 7 7
54 3 7
55 8 8
56 3 8
57 1 8
58 2 8
59 0 8
60 4 8
61 5 8
62 2 8
63 2 8
64 5 8
65 8 8
66 4 8
67 1 8
68 4 8
69 1 8
70 2 8
71 7 8
72 1 8
73 0 8
74 1 8
75 2 8
76 9 9
77 0 9
78 3 9
79 0 9
80 1 9
81 4 9
82 3 9
83 0 9
84 0 9
85 0 9
86 0 9
87 0 9
88 4 9
89 5 9
90 2 9
91 0 9
92 10 10
93 16 16
94 1 16
95 2 16
96 0 16
97 0 16
98 0 16
99 1 16
100 2 16
101 2 16
102 2 16
103 3 16
104 3 16
105 0 16
106 0 16
107 0 16
108 1 16
109 1 16
110 1 16
111 8 16
112 0 16
113 5 16
114 0 16
115 7 16
116 17 17
117 0 17
118 16 17
119 10 17
120 19 19
121 0 19
122 6 19
123 1 19
124 0 19
125 0 19
126 0 19
127 0 19
128 0 19
129 0 19
130 19 19
131 7 19
132 2 19
133 0 19
134 0 19
135 2 19
136 15 19
137 8 19
138 2 19
139 0 19
140 0 19
141 5 19
142 0 19
143 1 19
144 20 20
145 16 20
146 0 20
147 20 20
148 4 20
149 4 20
150 18 20
151 22 22
152 17 22
153 26 26
154 0 26
155 10 26
156 18 26
157 8 26
158 0 26
159 0 26
160 4 26
161 0 26
162 0 26
163 15 26
164 0 26
165 19 26
166 1 26
167 3 26
168 3 26
169 36 36
170 22 36
171 24 36
172 18 36
173 10 36
174 6 36
175 0 36
176 7 36
177 24 36
178 24 36
179 0 36
180 22 36
181 13 36
182 29 36
183 0 36
184 3 36
185 0 36
186 22 36
187 21 36
188 24 36
189 25 36
190 0 36
191 30 36
192 21 36
193 25 36
194 13 36
195 26 36
196 3 36
197 13 36
198 22 36
199 1 36
200 0 36
201 13 36
202 0 36
203 21 36
204 0 36
205 1 36
206 20 36
207 20 36
208 0 36
209 16 36
210 8 36
211 24 36
212 10 36
213 16 36
214 3 36
215 0 36
216 0 36
217 23 36
218 11 36
219 27 36
220 11 36
221 4 36
222 19 36
223 19 36
224 13 36
225 19 36
226 33 36
227 7 36
228 17 36
229 4 36
230 8 36
231 16 36
232 1 36
233 19 36
234 27 36
235 14 36
236 15 36
237 25 36
238 23 36
239 31 36
240 10 36
241 13 36
242 10 36
243 29 36
244 7 36
245 20 36
246 27 36
247 26 36
248 17 36
249 2 36
250 11 36
251 37 37
252 10 37
253 16 37
254 19 37
255 19 37
256 36 37
257 21 37
258 20 37
259 6 37
260 7 37
261 13 37
262 9 37
263 1 37
264 28 37
265 0 37
266 10 37
267 1 37
268 0 37
269 7 37
270 3 37
271 11 37
272 15 37
273 7 37
274 7 37
275 21 37
276 19 37
277 2 37
278 6 37
279 0 37
280 21 37
281 31 37
282 36 37
283 29 37
284 25 37
285 22 37
286 12 37
287 0 37
288 21 37
289 6 37
290 12 37
291 15 37
292 9 37
293 32 37
294 14 37
295 12 37
296 31 37
297 19 37
298 2 37
299 6 37
300 16 37
301 16 37
