1 0 0
2 0 0
3 0 0
4 0 0
5 0 0
6 1 1
7 0 1
8 2 2
9 1 2
10 0 2
11 1 2
12 0 2
13 1 2
14 0 2
15 0 2
16 0 2
17 0 2
18 1 2
19 1 2
20 0 2
21 0 2
22 0 2
23 1 2
24 2 2
25 1 2
26 1 2
27 1 2
28 1 2
29 1 2
30 0 2
31 0 2
32 1 2
33 1 2
34 0 2
35 1 2
36 2 2
37 0 2
38 2 2
39 0 2
40 1 2
41 0 2
42 3 3
43 2 3
44 4 4
45 2 4
46 1 4
47 1 4
48 4 4
49 3 4
50 1 4
51 2 4
52 2 4
53 0 4
54 1 4
55 5 5
56 2 5
57 0 5
58 4 5
59 3 5
60 0 5
61 5 5
62 1 5
63 2 5
64 1 5
65 2 5
66 4 5
67 11 11
68 1 11
69 2 11
70 2 11
71 7 11
72 5 11
73 4 11
74 1 11
75 3 11
76 3 11
77 12 12
78 0 12
79 8 12
80 4 12
81 3 12
82 0 12
83 1 12
84 0 12
85 1 12
86 5 12
87 4 12
88 0 12
89 11 12
90 19 19
91 8 19
92 0 19
93 1 19
94 24 24
95 4 24
96 6 24
97 25 25
98 0 25
99 7 25
100 3 25
101 13 25
102 14 25
103 5 25
104 6 25
105 0 25
106 11 25
107 25 25
108 29 29
109 23 29
110 14 29
111 25 29
112 10 29
113 20 29
114 18 29
115 32 32
116 10 32
117 11 32
118 15 32
119 14 32
120 4 32
121 5 32
122 4 32
123 13 32
124 7 32
125 1 32
126 13 32
127 2 32
128 10 32
129 10 32
130 12 32
131 15 32
132 28 32
133 14 32
134 13 32
135 14 32
136 21 32
137 9 32
138 18 32
139 2 32
140 14 32
141 4 32
142 0 32
143 13 32
144 1 32
145 9 32
146 0 32
147 0 32
148 0 32
149 12 32
150 0 32
151 20 32
152 17 32
153 0 32
154 15 32
155 0 32
156 9 32
157 4 32
158 15 32
159 0 32
160 20 32
161 22 32
162 0 32
163 21 32
164 21 32
165 6 32
166 6 32
167 2 32
168 9 32
169 26 32
170 26 32
171 5 32
172 0 32
173 0 32
174 9 32
175 0 32
176 8 32
177 1 32
178 12 32
179 8 32
180 3 32
181 24 32
182 6 32
183 16 32
184 24 32
185 0 32
186 4 32
187 0 32
188 13 32
189 13 32
190 26 32
191 18 32
192 22 32
193 5 32
194 20 32
195 22 32
196 15 32
197 10 32
198 0 32
199 33 33
200 6 33
201 0 33
202 5 33
203 11 33
204 39 39
205 0 39
206 17 39
207 35 39
208 30 39
209 18 39
210 32 39
211 15 39
212 1 39
213 0 39
214 18 39
215 26 39
216 9 39
217 3 39
218 11 39
219 11 39
220 1 39
221 2 39
222 0 39
223 20 39
224 15 39
225 2 39
226 29 39
227 0 39
228 1 39
229 17 39
230 0 39
231 23 39
232 1 39
233 20 39
234 30 39
235 2 39
236 19 39
237 17 39
238 28 39
239 25 39
240 15 39
241 0 39
242 15 39
243 25 39
244 31 39
245 15 39
246 31 39
247 23 39
248 23 39
249 22 39
250 16 39
251 18 39
252 15 39
253 4 39
254 14 39
255 19 39
256 6 39
257 3 39
258 16 39
259 24 39
260 21 39
261 23 39
262 21 39
263 18 39
264 22 39
265 30 39
266 22 39
267 8 39
268 19 39
269 19 39
270 17 39
271 20 39
272 36 39
273 11 39
274 11 39
275 23 39
276 13 39
277 25 39
278 18 39
279 5 39
280 17 39
281 11 39
282 0 39
283 14 39
284 23 39
285 32 39
286 22 39
287 34 39
288 13 39
289 17 39
290 0 39
291 1 39
292 0 39
293 32 39
294 16 39
295 3 39
296 15 39
297 8 39
298 0 39
299 0 39
300 17 39
301 5 39
