1 0 0
2 1 1
3 0 1
4 0 1
5 0 1
6 0 1
7 0 1
8 0 1
9 0 1
10 0 1
11 0 1
12 1 1
13 0 1
14 0 1
15 0 1
16 0 1
17 0 1
18 1 1
19 1 1
20 0 1
21 1 1
22 0 1
23 1 1
24 0 1
25 0 1
26 1 1
27 1 1
28 1 1
29 1 1
30 0 1
31 0 1
32 0 1
33 1 1
34 2 2
35 0 2
36 2 2
37 0 2
38 0 2
39 1 2
40 0 2
41 0 2
42 0 2
43 1 2
44 0 2
45 0 2
46 3 3
47 0 3
48 0 3
49 0 3
50 0 3
51 0 3
52 1 3
53 0 3
54 0 3
55 2 3
56 1 3
57 3 3
58 0 3
59 2 3
60 1 3
61 1 3
62 5 5
63 3 5
64 4 5
65 4 5
66 0 5
67 1 5
68 4 5
69 1 5
70 9 9
71 0 9
72 1 9
73 1 9
74 2 9
75 13 13
76 0 13
77 0 13
78 0 13
79 4 13
80 0 13
81 1 13
82 0 13
83 2 13
84 1 13
85 1 13
86 1 13
87 0 13
88 0 13
89 8 13
90 0 13
91 0 13
92 0 13
93 0 13
94 0 13
95 0 13
96 3 13
97 0 13
98 0 13
99 20 20
100 1 20
101 0 20
102 0 20
103 0 20
104 5 20
105 10 20
106 0 20
107 0 20
108 3 20
109 0 20
110 5 20
111 0 20
112 0 20
113 0 20
114 14 20
115 5 20
116 6 20
117 4 20
118 31 31
119 3 31
120 1 31
121 18 31
122 1 31
123 0 31
124 0 31
125 0 31
126 2 31
127 2 31
128 5 31
129 7 31
130 48 48
131 25 48
132 8 48
133 3 48
134 15 48
135 1 48
136 16 48
137 24 48
138 11 48
139 13 48
140 26 48
141 9 48
142 21 48
143 16 48
144 24 48
145 20 48
146 22 48
147 23 48
148 17 48
149 33 48
150 44 48
151 31 48
152 6 48
153 28 48
154 27 48
155 39 48
156 20 48
157 18 48
158 26 48
159 35 48
160 39 48
161 35 48
162 14 48
163 13 48
164 22 48
165 15 48
166 29 48
167 13 48
168 30 48
169 18 48
170 11 48
171 23 48
172 32 48
173 2 48
174 10 48
175 16 48
176 26 48
177 13 48
178 38 48
179 35 48
180 14 48
181 16 48
182 25 48
183 13 48
184 34 48
185 6 48
186 18 48
187 28 48
188 11 48
189 10 48
190 70 70
191 15 70
192 5 70
193 10 70
194 21 70
195 25 70
196 33 70
197 21 70
198 42 70
199 44 70
200 38 70
201 25 70
202 14 70
203 27 70
204 71 71
205 2 71
206 20 71
207 71 71
208 16 71
209 15 71
210 36 71
211 14 71
212 3 71
213 30 71
214 29 71
215 4 71
216 22 71
217 24 71
218 24 71
219 22 71
220 27 71
221 43 71
222 29 71
223 17 71
224 31 71
225 13 71
226 7 71
227 13 71
228 42 71
229 9 71
230 33 71
231 17 71
232 33 71
233 32 71
234 27 71
235 17 71
236 39 71
237 33 71
238 23 71
239 20 71
240 38 71
241 24 71
242 20 71
243 12 71
244 48 71
245 43 71
246 11 71
247 36 71
248 48 71
249 27 71
250 25 71
251 19 71
252 30 71
253 15 71
254 24 71
255 89 89
256 64 89
257 14 89
258 8 89
259 40 89
260 36 89
261 21 89
262 27 89
263 19 89
264 58 89
265 31 89
266 12 89
267 15 89
268 27 89
269 26 89
270 15 89
271 19 89
272 15 89
273 46 89
274 34 89
275 33 89
276 13 89
277 14 89
278 32 89
279 31 89
280 44 89
281 11 89
282 47 89
283 46 89
284 24 89
285 47 89
286 23 89
287 14 89
288 41 89
289 20 89
290 17 89
291 7 89
292 8 89
293 27 89
294 14 89
295 28 89
296 12 89
297 16 89
298 17 89
299 19 89
300 21 89
301 31 89
302 26 89
303 19 89
304 18 89
305 26 89
306 20 89
307 10 89
308 21 89
309 25 89
310 34 89
311 40 89
312 24 89
313 36 89
314 34 89
315 18 89
316 20 89
317 29 89
318 40 89
319 30 89
320 29 89
321 36 89
322 32 89
323 25 89
324 21 89
325 29 89
326 9 89
327 17 89
328 17 89
329 34 89
330 18 89
331 23 89
332 16 89
333 35 89
334 37 89
335 21 89
336 30 89
337 48 89
338 68 89
339 21 89
340 40 89
341 44 89
342 19 89
343 27 89
344 6 89
345 28 89
346 13 89
347 44 89
348 41 89
349 33 89
350 20 89
351 26 89
352 31 89
353 5 89
354 42 89
355 57 89
356 14 89
357 9 89
358 39 89
359 10 89
360 54 89
361 51 89
362 37 89
363 28 89
364 50 89
365 40 89
366 27 89
367 20 89
368 17 89
369 19 89
370 56 89
371 30 89
372 35 89
373 42 89
374 5 89
375 10 89
376 7 89
377 18 89
378 28 89
379 10 89
380 15 89
381 30 89
382 44 89
383 55 89
384 22 89
385 29 89
386 44 89
387 27 89
388 44 89
389 40 89
390 31 89
391 22 89
392 51 89
393 10 89
394 33 89
395 27 89
396 13 89
397 36 89
398 26 89
399 45 89
400 36 89
401 19 89
402 26 89
403 69 89
404 61 89
405 12 89
406 13 89
407 14 89
408 28 89
409 43 89
410 45 89
411 76 89
412 31 89
413 37 89
414 16 89
415 8 89
416 30 89
417 34 89
418 6 89
419 22 89
420 35 89
421 24 89
422 33 89
423 7 89
424 32 89
425 41 89
426 25 89
427 17 89
428 34 89
429 43 89
430 41 89
431 26 89
432 47 89
433 47 89
434 30 89
435 32 89
436 20 89
437 22 89
438 19 89
439 23 89
440 22 89
441 33 89
442 22 89
443 20 89
444 49 89
445 28 89
446 29 89
447 31 89
448 28 89
449 25 89
450 25 89
451 36 89
452 59 89
453 38 89
454 36 89
455 25 89
456 18 89
457 19 89
458 21 89
459 28 89
460 35 89
461 7 89
462 24 89
463 23 89
464 29 89
465 13 89
466 16 89
467 19 89
468 27 89
469 38 89
470 23 89
471 33 89
472 48 89
473 11 89
474 15 89
475 18 89
476 17 89
477 7 89
478 13 89
479 21 89
480 10 89
481 29 89
482 37 89
483 24 89
484 26 89
485 6 89
486 40 89
487 36 89
488 17 89
489 23 89
490 25 89
491 23 89
492 38 89
493 27 89
494 24 89
495 27 89
496 34 89
497 25 89
498 14 89
499 45 89
500 36 89
501 28 89
502 20 89
503 11 89
504 10 89
505 52 89
506 25 89
507 12 89
508 38 89
509 21 89
510 21 89
511 19 89
512 19 89
513 42 89
514 52 89
515 44 89
516 11 89
517 13 89
518 15 89
519 38 89
520 16 89
521 9 89
522 17 89
523 17 89
524 34 89
525 29 89
526 32 89
527 26 89
528 35 89
529 31 89
530 14 89
531 48 89
532 30 89
533 20 89
534 29 89
535 47 89
536 34 89
537 33 89
538 32 89
539 35 89
540 32 89
541 29 89
542 14 89
543 38 89
544 22 89
545 30 89
546 25 89
547 48 89
548 34 89
549 32 89
550 13 89
551 14 89
552 14 89
553 14 89
554 36 89
555 19 89
556 18 89
557 44 89
558 34 89
559 31 89
560 28 89
561 31 89
562 50 89
563 26 89
564 11 89
565 16 89
566 28 89
567 23 89
568 14 89
569 59 89
570 28 89
571 8 89
572 10 89
573 10 89
574 9 89
575 38 89
576 14 89
577 15 89
578 14 89
579 47 89
580 34 89
581 22 89
582 38 89
583 18 89
584 17 89
585 49 89
586 28 89
587 23 89
588 26 89
589 31 89
590 20 89
591 28 89
592 55 89
593 49 89
594 31 89
595 41 89
596 24 89
597 32 89
598 19 89
599 17 89
600 16 89
601 26 89
602 41 89
603 27 89
604 22 89
605 14 89
606 29 89
607 26 89
608 34 89
609 28 89
610 25 89
611 24 89
612 28 89
613 35 89
614 28 89
615 23 89
616 31 89
617 50 89
618 37 89
619 37 89
620 15 89
621 26 89
622 27 89
623 17 89
624 8 89
625 32 89
626 32 89
627 5 89
628 8 89
629 14 89
630 15 89
631 21 89
632 13 89
633 20 89
634 22 89
635 21 89
636 8 89
637 30 89
638 40 89
639 74 89
640 18 89
641 50 89
642 27 89
643 65 89
644 27 89
645 19 89
646 29 89
647 20 89
648 55 89
649 64 89
650 34 89
651 11 89
652 23 89
653 36 89
654 16 89
655 14 89
656 12 89
657 27 89
658 32 89
659 23 89
660 36 89
661 95 95
662 33 95
663 56 95
664 41 95
665 50 95
666 76 95
667 66 95
668 34 95
669 51 95
670 19 95
671 15 95
672 54 95
673 48 95
674 17 95
675 28 95
676 39 95
677 41 95
678 68 95
679 26 95
680 70 95
681 27 95
682 31 95
683 19 95
684 13 95
685 41 95
686 42 95
687 27 95
688 75 95
689 54 95
690 22 95
691 27 95
692 37 95
693 30 95
694 36 95
695 38 95
696 34 95
697 66 95
698 28 95
699 18 95
700 42 95
701 29 95
702 34 95
703 19 95
704 4 95
705 39 95
706 20 95
707 16 95
708 52 95
709 45 95
710 38 95
711 14 95
712 34 95
713 34 95
714 12 95
715 13 95
716 45 95
717 68 95
718 31 95
719 14 95
720 42 95
721 19 95
722 18 95
723 23 95
724 15 95
725 29 95
726 21 95
727 43 95
728 36 95
729 15 95
730 49 95
731 32 95
732 31 95
733 10 95
734 18 95
735 26 95
736 35 95
737 35 95
738 10 95
739 32 95
740 13 95
741 32 95
742 15 95
743 31 95
744 26 95
745 24 95
746 40 95
747 29 95
748 29 95
749 33 95
750 36 95
751 42 95
752 26 95
753 17 95
754 29 95
755 35 95
756 22 95
757 54 95
758 13 95
759 12 95
760 27 95
761 40 95
762 13 95
763 27 95
764 39 95
765 9 95
766 51 95
767 15 95
768 17 95
769 9 95
770 42 95
771 32 95
772 34 95
773 11 95
774 15 95
775 41 95
776 28 95
777 36 95
778 19 95
779 55 95
780 23 95
781 30 95
782 37 95
783 38 95
784 20 95
785 40 95
786 38 95
787 49 95
788 44 95
789 10 95
790 60 95
791 32 95
792 22 95
793 35 95
794 23 95
795 31 95
796 23 95
797 21 95
798 16 95
799 69 95
800 20 95
801 40 95
802 26 95
803 10 95
804 15 95
805 30 95
806 42 95
807 12 95
808 38 95
809 35 95
810 27 95
811 9 95
812 30 95
813 18 95
814 53 95
815 29 95
816 46 95
817 26 95
818 19 95
819 48 95
820 62 95
821 40 95
822 47 95
823 23 95
824 33 95
825 46 95
826 43 95
827 38 95
828 27 95
829 18 95
830 23 95
831 34 95
832 33 95
833 35 95
834 11 95
835 20 95
836 18 95
837 24 95
838 16 95
839 54 95
840 40 95
841 31 95
842 29 95
843 44 95
844 66 95
845 22 95
846 41 95
847 31 95
848 26 95
849 36 95
850 29 95
851 26 95
852 31 95
853 13 95
854 38 95
855 12 95
856 22 95
857 39 95
858 44 95
859 13 95
860 21 95
861 17 95
862 12 95
863 27 95
864 40 95
865 15 95
866 11 95
867 42 95
868 25 95
869 26 95
870 26 95
871 33 95
872 17 95
873 27 95
874 42 95
875 28 95
876 22 95
877 57 95
878 35 95
879 11 95
880 27 95
881 2 95
882 24 95
883 38 95
884 23 95
885 24 95
886 21 95
887 13 95
888 59 95
889 31 95
890 29 95
891 16 95
892 25 95
893 42 95
894 12 95
895 23 95
896 35 95
897 38 95
898 27 95
899 48 95
900 15 95
901 18 95
902 35 95
903 32 95
904 28 95
905 11 95
906 33 95
907 24 95
908 12 95
909 14 95
910 27 95
911 37 95
912 30 95
913 61 95
914 35 95
915 44 95
916 57 95
917 24 95
918 31 95
919 36 95
920 24 95
921 15 95
922 33 95
923 36 95
924 30 95
925 33 95
926 34 95
927 28 95
928 40 95
929 2 95
930 23 95
931 11 95
932 17 95
933 25 95
934 27 95
935 20 95
936 50 95
937 20 95
938 14 95
939 35 95
940 11 95
941 47 95
942 12 95
943 18 95
944 25 95
945 31 95
946 41 95
947 51 95
948 52 95
949 14 95
950 43 95
951 24 95
952 40 95
953 19 95
954 51 95
955 39 95
956 27 95
957 61 95
958 33 95
959 19 95
960 14 95
961 43 95
962 27 95
963 18 95
964 21 95
965 17 95
966 48 95
967 30 95
968 25 95
969 37 95
970 43 95
971 31 95
972 34 95
973 13 95
974 10 95
975 22 95
976 49 95
977 32 95
978 19 95
979 19 95
980 47 95
981 43 95
982 51 95
983 40 95
984 15 95
985 41 95
986 36 95
987 47 95
988 20 95
989 50 95
990 30 95
991 23 95
992 33 95
993 20 95
994 50 95
995 50 95
996 72 95
997 50 95
998 27 95
999 48 95
1000 16 95
1001 15 95
