1 1 1
2 0 1
3 1 1
4 0 1
5 1 1
6 0 1
7 0 1
8 1 1
9 0 1
10 0 1
11 0 1
12 1 1
13 1 1
14 1 1
15 1 1
16 0 1
17 0 1
18 0 1
19 0 1
20 0 1
21 1 1
22 1 1
23 0 1
24 1 1
25 1 1
26 0 1
27 2 2
28 0 2
29 0 2
30 0 2
31 0 2
32 0 2
33 2 2
34 0 2
35 0 2
36 0 2
37 0 2
38 0 2
39 1 2
40 1 2
41 0 2
42 1 2
43 1 2
44 0 2
45 0 2
46 0 2
47 3 3
48 1 3
49 1 3
50 1 3
51 0 3
52 0 3
53 4 4
54 0 4
55 1 4
56 0 4
57 3 4
58 2 4
59 3 4
60 0 4
61 6 6
62 1 6
63 1 6
64 1 6
65 0 6
66 2 6
67 4 6
68 1 6
69 8 8
70 4 8
71 5 8
72 3 8
73 1 8
74 8 8
75 2 8
76 17 17
77 1 17
78 2 17
79 4 17
80 0 17
81 9 17
82 10 17
83 24 24
84 6 24
85 8 24
86 7 24
87 0 24
88 16 24
89 4 24
90 0 24
91 1 24
92 12 24
93 5 24
94 1 24
95 27 27
96 4 27
97 20 27
98 4 27
99 2 27
100 0 27
101 0 27
102 0 27
103 2 27
104 4 27
105 20 27
106 22 27
107 7 27
108 6 27
109 25 27
110 1 27
111 18 27
112 1 27
113 14 27
114 26 27
115 55 55
116 6 55
117 40 55
118 0 55
119 6 55
120 9 55
121 1 55
122 26 55
123 2 55
124 0 55
125 19 55
126 23 55
127 19 55
128 25 55
129 27 55
130 19 55
131 8 55
132 20 55
133 47 55
134 31 55
135 35 55
136 22 55
137 14 55
138 15 55
139 42 55
140 39 55
141 54 55
142 11 55
143 32 55
144 10 55
145 25 55
146 20 55
147 35 55
148 35 55
149 19 55
150 40 55
151 38 55
152 31 55
153 27 55
154 30 55
155 21 55
156 22 55
157 17 55
158 17 55
159 26 55
160 45 55
161 24 55
162 1 55
163 8 55
164 0 55
165 1 55
166 33 55
167 23 55
168 7 55
169 25 55
170 17 55
171 26 55
172 26 55
173 19 55
174 13 55
175 32 55
176 34 55
177 7 55
178 32 55
179 35 55
180 25 55
181 26 55
182 42 55
183 13 55
184 33 55
185 17 55
186 13 55
187 21 55
188 8 55
189 55 55
190 24 55
191 22 55
192 24 55
193 38 55
194 35 55
195 9 55
196 29 55
197 66 66
198 22 66
199 44 66
200 19 66
201 13 66
202 15 66
203 15 66
204 1 66
205 0 66
206 2 66
207 9 66
208 6 66
209 12 66
210 19 66
211 15 66
212 59 66
213 30 66
214 16 66
215 16 66
216 21 66
217 33 66
218 33 66
219 11 66
220 52 66
221 30 66
222 16 66
223 19 66
224 15 66
225 24 66
226 110 110
227 29 110
228 13 110
229 28 110
230 27 110
231 28 110
232 40 110
233 68 110
234 7 110
235 37 110
236 29 110
237 16 110
238 27 110
239 29 110
240 30 110
241 41 110
242 27 110
243 27 110
244 24 110
245 24 110
246 25 110
247 31 110
248 13 110
249 28 110
250 26 110
251 44 110
252 47 110
253 15 110
254 11 110
255 21 110
256 7 110
257 24 110
258 11 110
259 11 110
260 24 110
261 10 110
262 18 110
263 41 110
264 24 110
265 37 110
266 41 110
267 33 110
268 45 110
269 33 110
270 13 110
271 28 110
272 25 110
273 29 110
274 9 110
275 14 110
276 25 110
277 30 110
278 32 110
279 17 110
280 47 110
281 17 110
282 15 110
283 43 110
284 14 110
285 45 110
286 32 110
287 51 110
288 48 110
289 15 110
290 9 110
291 29 110
292 42 110
293 16 110
294 28 110
295 6 110
296 30 110
297 24 110
298 12 110
299 14 110
300 36 110
301 13 110
