1 0 0
2 0 0
3 0 0
4 0 0
5 0 0
6 0 0
7 0 0
8 0 0
9 1 1
10 0 1
11 0 1
12 0 1
13 0 1
14 0 1
15 0 1
16 0 1
17 0 1
18 2 2
19 1 2
20 0 2
21 0 2
22 0 2
23 1 2
24 0 2
25 0 2
26 0 2
27 0 2
28 1 2
29 1 2
30 1 2
31 0 2
32 1 2
33 0 2
34 1 2
35 1 2
36 3 3
37 0 3
38 0 3
39 1 3
40 1 3
41 1 3
42 0 3
43 0 3
44 0 3
45 1 3
46 0 3
47 1 3
48 1 3
49 0 3
50 0 3
51 0 3
52 0 3
53 0 3
54 0 3
55 1 3
56 1 3
57 2 3
58 0 3
59 2 3
60 0 3
61 7 7
62 2 7
63 1 7
64 1 7
65 1 7
66 1 7
67 3 7
68 1 7
69 2 7
70 3 7
71 0 7
72 0 7
73 1 7
74 0 7
75 1 7
76 1 7
77 2 7
78 0 7
79 0 7
80 0 7
81 0 7
82 1 7
83 1 7
84 1 7
85 6 7
86 2 7
87 2 7
88 2 7
89 1 7
90 0 7
91 1 7
92 1 7
93 0 7
94 0 7
95 0 7
96 0 7
97 2 7
98 0 7
99 0 7
100 1 7
101 0 7
102 4 7
103 0 7
104 0 7
105 2 7
106 1 7
107 0 7
108 0 7
109 2 7
110 0 7
111 3 7
112 6 7
113 7 7
114 0 7
115 0 7
116 2 7
117 0 7
118 0 7
119 0 7
120 7 7
121 3 7
122 15 15
123 3 15
124 18 18
125 20 20
126 5 20
127 10 20
128 0 20
129 7 20
130 17 20
131 1 20
132 0 20
133 0 20
134 28 28
135 28 28
136 0 28
137 1 28
138 10 28
139 5 28
140 3 28
141 0 28
142 3 28
143 1 28
144 15 28
145 12 28
146 4 28
147 10 28
148 3 28
149 1 28
150 11 28
151 3 28
152 10 28
153 27 28
154 1 28
155 4 28
156 9 28
157 0 28
158 7 28
159 2 28
160 1 28
161 22 28
162 48 48
163 0 48
164 9 48
165 10 48
166 8 48
167 2 48
168 19 48
169 51 51
170 0 51
171 19 51
172 36 51
173 17 51
174 61 61
175 1 61
176 3 61
177 34 61
178 29 61
179 22 61
180 30 61
181 38 61
182 24 61
183 0 61
184 21 61
185 27 61
186 26 61
187 27 61
188 26 61
189 16 61
190 19 61
191 40 61
192 23 61
193 30 61
194 16 61
195 16 61
196 8 61
197 22 61
198 38 61
199 2 61
200 6 61
201 29 61
202 31 61
203 20 61
204 22 61
205 14 61
206 36 61
207 24 61
208 30 61
209 21 61
210 29 61
211 20 61
212 23 61
213 35 61
214 42 61
215 45 61
216 28 61
217 38 61
218 25 61
219 30 61
220 32 61
221 33 61
222 35 61
223 25 61
224 27 61
225 26 61
226 29 61
227 11 61
228 8 61
229 47 61
230 29 61
231 16 61
232 1 61
233 18 61
234 0 61
235 35 61
236 17 61
237 19 61
238 27 61
239 30 61
240 39 61
241 24 61
242 9 61
243 53 61
244 32 61
245 22 61
246 22 61
247 44 61
248 22 61
249 10 61
250 33 61
251 23 61
252 16 61
253 14 61
254 9 61
255 36 61
256 10 61
257 42 61
258 22 61
259 24 61
260 27 61
261 37 61
262 13 61
263 19 61
264 27 61
265 52 61
266 22 61
267 36 61
268 44 61
269 17 61
270 30 61
271 18 61
272 32 61
273 37 61
274 34 61
275 43 61
276 43 61
277 43 61
278 7 61
279 68 68
280 18 68
281 39 68
282 49 68
283 21 68
284 41 68
285 34 68
286 16 68
287 33 68
288 20 68
289 38 68
290 37 68
291 15 68
292 12 68
293 21 68
294 3 68
295 24 68
296 29 68
297 19 68
298 32 68
299 10 68
300 40 68
301 9 68
