1 0 0
2 0 0
3 0 0
4 0 0
5 0 0
6 0 0
7 0 0
8 0 0
9 0 0
10 0 0
11 0 0
12 0 0
13 1 1
14 0 1
15 1 1
16 0 1
17 0 1
18 0 1
19 0 1
20 0 1
21 0 1
22 0 1
23 2 2
24 0 2
25 0 2
26 1 2
27 0 2
28 0 2
29 2 2
30 0 2
31 1 2
32 1 2
33 0 2
34 1 2
35 1 2
36 3 3
37 1 3
38 0 3
39 2 3
40 0 3
41 1 3
42 1 3
43 2 3
44 1 3
45 1 3
46 0 3
47 1 3
48 2 3
49 0 3
50 0 3
51 0 3
52 3 3
53 4 4
54 1 4
55 1 4
56 0 4
57 1 4
58 3 4
59 0 4
60 1 4
61 1 4
62 1 4
63 2 4
64 1 4
65 2 4
66 3 4
67 1 4
68 0 4
69 4 4
70 2 4
71 2 4
72 0 4
73 0 4
74 1 4
75 2 4
76 1 4
77 3 4
78 8 8
79 0 8
80 0 8
81 0 8
82 0 8
83 0 8
84 1 8
85 0 8
86 0 8
87 0 8
88 0 8
89 1 8
90 0 8
91 0 8
92 0 8
93 0 8
94 0 8
95 0 8
96 9 9
97 17 17
98 15 17
99 0 17
100 0 17
101 4 17
102 8 17
103 3 17
104 25 25
105 2 25
106 9 25
107 1 25
108 0 25
109 16 25
110 0 25
111 0 25
112 9 25
113 6 25
114 0 25
115 0 25
116 0 25
117 0 25
118 3 25
119 17 25
120 24 25
121 16 25
122 0 25
123 1 25
124 27 27
125 0 27
126 17 27
127 3 27
128 1 27
129 0 27
130 11 27
131 0 27
132 2 27
133 6 27
134 1 27
135 0 27
136 0 27
137 5 27
138 25 27
139 0 27
140 12 27
141 11 27
142 26 27
143 0 27
144 7 27
145 5 27
146 8 27
147 1 27
148 14 27
149 0 27
150 13 27
151 15 27
152 17 27
153 4 27
154 29 29
155 10 29
156 18 29
157 18 29
158 18 29
159 37 37
160 35 37
161 8 37
162 27 37
163 2 37
164 15 37
165 10 37
166 11 37
167 62 62
168 18 62
169 9 62
170 30 62
171 11 62
172 55 62
173 33 62
174 44 62
175 24 62
176 21 62
177 26 62
178 22 62
179 31 62
180 32 62
181 54 62
182 24 62
183 23 62
184 29 62
185 25 62
186 23 62
187 12 62
188 0 62
189 8 62
190 24 62
191 13 62
192 26 62
193 5 62
194 44 62
195 27 62
196 4 62
197 27 62
198 31 62
199 19 62
200 8 62
201 19 62
202 41 62
203 23 62
204 38 62
205 27 62
206 32 62
207 22 62
208 56 62
209 43 62
210 21 62
211 1 62
212 17 62
213 15 62
214 19 62
215 16 62
216 8 62
217 28 62
218 35 62
219 26 62
220 25 62
221 23 62
222 28 62
223 33 62
224 22 62
225 32 62
226 22 62
227 25 62
228 55 62
229 24 62
230 27 62
231 12 62
232 26 62
233 30 62
234 12 62
235 21 62
236 23 62
237 23 62
238 37 62
239 29 62
240 43 62
241 27 62
242 32 62
243 23 62
244 32 62
245 17 62
246 4 62
247 1 62
248 20 62
249 17 62
250 38 62
251 20 62
252 12 62
253 14 62
254 15 62
255 36 62
256 24 62
257 28 62
258 15 62
259 11 62
260 57 62
261 30 62
262 36 62
263 25 62
264 23 62
265 46 62
266 18 62
267 24 62
268 28 62
269 25 62
270 7 62
271 28 62
272 43 62
273 15 62
274 11 62
275 11 62
276 22 62
277 17 62
278 29 62
279 34 62
280 7 62
281 28 62
282 31 62
283 18 62
284 8 62
285 39 62
286 15 62
287 50 62
288 18 62
289 14 62
290 47 62
291 32 62
292 45 62
293 24 62
294 30 62
295 14 62
296 6 62
297 29 62
298 30 62
299 20 62
300 30 62
301 43 62
