1 1 1
2 3 3
3 0 3
4 0 3
5 0 3
6 1 3
7 1 3
8 3 3
9 0 3
10 0 3
11 3 3
12 0 3
13 1 3
14 1 3
15 4 4
16 0 4
17 2 4
18 0 4
19 1 4
20 1 4
21 0 4
22 1 4
23 0 4
24 1 4
25 0 4
26 0 4
27 0 4
28 0 4
29 2 4
30 1 4
31 1 4
32 1 4
33 2 4
34 0 4
35 0 4
36 0 4
37 2 4
38 0 4
39 0 4
40 1 4
41 0 4
42 0 4
43 1 4
44 0 4
45 1 4
46 0 4
47 2 4
48 1 4
49 0 4
50 0 4
51 0 4
52 0 4
53 0 4
54 0 4
55 0 4
56 1 4
57 1 4
58 0 4
59 1 4
60 1 4
61 0 4
62 1 4
63 0 4
64 1 4
65 0 4
66 0 4
67 1 4
68 0 4
69 1 4
70 3 4
71 2 4
72 0 4
73 0 4
74 0 4
75 1 4
76 1 4
77 2 4
78 0 4
79 0 4
80 0 4
81 0 4
82 0 4
83 1 4
84 1 4
85 0 4
86 0 4
87 2 4
88 0 4
89 0 4
90 0 4
91 0 4
92 0 4
93 0 4
94 0 4
95 0 4
96 0 4
97 0 4
98 0 4
99 0 4
100 2 4
101 0 4
102 0 4
103 0 4
104 0 4
105 0 4
106 0 4
107 0 4
108 0 4
109 0 4
110 0 4
111 0 4
112 0 4
113 3 4
114 0 4
115 0 4
116 0 4
117 2 4
118 0 4
119 0 4
120 0 4
121 0 4
122 0 4
123 0 4
124 0 4
125 0 4
126 0 4
127 0 4
128 0 4
129 0 4
130 0 4
131 0 4
132 2 4
133 6 6
134 0 6
135 0 6
136 0 6
137 3 6
138 10 10
139 0 10
140 0 10
141 0 10
142 0 10
143 4 10
144 5 10
145 4 10
146 1 10
147 0 10
148 0 10
149 5 10
150 3 10
151 4 10
152 0 10
153 0 10
154 7 10
155 16 16
156 29 29
157 1 29
158 0 29
159 0 29
160 3 29
161 2 29
162 0 29
163 4 29
164 0 29
165 0 29
166 1 29
167 0 29
168 5 29
169 0 29
170 6 29
171 0 29
172 0 29
173 20 29
174 1 29
175 1 29
176 1 29
177 1 29
178 2 29
179 13 29
180 0 29
181 0 29
182 1 29
183 0 29
184 4 29
185 0 29
186 13 29
187 9 29
188 9 29
189 4 29
190 0 29
191 2 29
192 0 29
193 40 40
194 13 40
195 3 40
196 11 40
197 4 40
198 29 40
199 23 40
200 22 40
201 2 40
202 7 40
203 31 40
204 36 40
205 0 40
206 1 40
207 13 40
208 7 40
209 19 40
210 7 40
211 13 40
212 27 40
213 9 40
214 7 40
215 0 40
216 26 40
217 7 40
218 39 40
219 31 40
220 24 40
221 29 40
222 15 40
223 17 40
224 12 40
225 22 40
226 30 40
227 15 40
228 38 40
229 26 40
230 21 40
231 18 40
232 39 40
233 38 40
234 15 40
235 47 47
236 20 47
237 9 47
238 17 47
239 6 47
240 1 47
241 6 47
242 9 47
243 19 47
244 13 47
245 29 47
246 22 47
247 24 47
248 9 47
249 35 47
250 23 47
251 86 86
252 4 86
253 41 86
254 25 86
255 21 86
256 23 86
257 27 86
258 40 86
259 26 86
260 6 86
261 18 86
262 30 86
263 17 86
264 21 86
265 15 86
266 20 86
267 23 86
268 15 86
269 39 86
270 41 86
271 33 86
272 24 86
273 26 86
274 30 86
275 35 86
276 10 86
277 10 86
278 26 86
279 40 86
280 50 86
281 9 86
282 30 86
283 49 86
284 55 86
285 12 86
286 46 86
287 28 86
288 14 86
289 26 86
290 7 86
291 20 86
292 18 86
293 11 86
294 18 86
295 34 86
296 34 86
297 7 86
298 15 86
299 23 86
300 37 86
301 9 86
