1 1 1
2 0 1
3 0 1
4 0 1
5 0 1
6 0 1
7 0 1
8 0 1
9 0 1
10 1 1
11 0 1
12 0 1
13 0 1
14 0 1
15 0 1
16 1 1
17 1 1
18 0 1
19 0 1
20 0 1
21 3 3
22 1 3
23 1 3
24 0 3
25 0 3
26 0 3
27 1 3
28 0 3
29 0 3
30 1 3
31 2 3
32 0 3
33 1 3
34 0 3
35 2 3
36 0 3
37 0 3
38 0 3
39 0 3
40 0 3
41 2 3
42 0 3
43 1 3
44 1 3
45 2 3
46 1 3
47 0 3
48 1 3
49 0 3
50 2 3
51 2 3
52 2 3
53 1 3
54 1 3
55 0 3
56 0 3
57 1 3
58 0 3
59 2 3
60 0 3
61 1 3
62 4 4
63 1 4
64 5 5
65 1 5
66 3 5
67 1 5
68 2 5
69 4 5
70 5 5
71 4 5
72 2 5
73 2 5
74 3 5
75 3 5
76 4 5
77 0 5
78 0 5
79 10 10
80 0 10
81 1 10
82 6 10
83 0 10
84 1 10
85 0 10
86 12 12
87 0 12
88 1 12
89 4 12
90 0 12
91 11 12
92 5 12
93 0 12
94 7 12
95 0 12
96 3 12
97 0 12
98 0 12
99 0 12
100 0 12
101 1 12
102 13 13
103 3 13
104 0 13
105 15 15
106 4 15
107 11 15
108 25 25
109 6 25
110 9 25
111 17 25
112 14 25
113 33 33
114 13 33
115 8 33
116 11 33
117 12 33
118 16 33
119 18 33
120 5 33
121 5 33
122 0 33
123 18 33
124 9 33
125 7 33
126 18 33
127 2 33
128 8 33
129 13 33
130 28 33
131 39 39
132 20 39
133 15 39
134 31 39
135 27 39
136 30 39
137 28 39
138 14 39
139 43 43
140 44 44
141 21 44
142 0 44
143 23 44
144 50 50
145 19 50
146 2 50
147 12 50
148 6 50
149 10 50
150 14 50
151 44 50
152 21 50
153 30 50
154 36 50
155 16 50
156 16 50
157 20 50
158 9 50
159 2 50
160 12 50
161 50 50
162 23 50
163 8 50
164 21 50
165 25 50
166 16 50
167 33 50
168 22 50
169 23 50
170 55 55
171 64 64
172 23 64
173 15 64
174 17 64
175 3 64
176 13 64
177 34 64
178 14 64
179 33 64
180 34 64
181 55 64
182 76 76
183 21 76
184 49 76
185 57 76
186 25 76
187 37 76
188 35 76
189 47 76
190 33 76
191 9 76
192 15 76
193 20 76
194 16 76
195 58 76
196 38 76
197 36 76
198 19 76
199 18 76
200 22 76
201 47 76
202 33 76
203 55 76
204 39 76
205 53 76
206 18 76
207 42 76
208 35 76
209 49 76
210 17 76
211 14 76
212 25 76
213 27 76
214 28 76
215 18 76
216 32 76
217 4 76
218 42 76
219 8 76
220 2 76
221 1 76
222 20 76
223 14 76
224 26 76
225 7 76
226 15 76
227 9 76
228 4 76
229 30 76
230 41 76
231 8 76
232 43 76
233 20 76
234 22 76
235 36 76
236 29 76
237 22 76
238 21 76
239 22 76
240 9 76
241 9 76
242 19 76
243 31 76
244 21 76
245 37 76
246 41 76
247 24 76
248 32 76
249 37 76
250 24 76
251 27 76
252 28 76
253 24 76
254 40 76
255 44 76
256 26 76
257 22 76
258 21 76
259 17 76
260 10 76
261 23 76
262 21 76
263 25 76
264 33 76
265 23 76
266 27 76
267 22 76
268 30 76
269 36 76
270 7 76
271 2 76
272 24 76
273 51 76
274 1 76
275 24 76
276 10 76
277 24 76
278 39 76
279 34 76
280 24 76
281 37 76
282 27 76
283 11 76
284 21 76
285 5 76
286 24 76
287 43 76
288 8 76
289 17 76
290 27 76
291 1 76
292 20 76
293 17 76
294 15 76
295 16 76
296 35 76
297 44 76
298 12 76
299 53 76
300 28 76
301 54 76
