1 0 0
2 0 0
3 0 0
4 0 0
5 0 0
6 0 0
7 0 0
8 0 0
9 0 0
10 0 0
11 0 0
12 0 0
13 1 1
14 0 1
15 2 2
16 1 2
17 0 2
18 0 2
19 1 2
20 1 2
21 1 2
22 0 2
23 1 2
24 1 2
25 2 2
26 1 2
27 1 2
28 0 2
29 0 2
30 1 2
31 0 2
32 0 2
33 2 2
34 0 2
35 1 2
36 0 2
37 2 2
38 1 2
39 1 2
40 0 2
41 0 2
42 0 2
43 1 2
44 1 2
45 0 2
46 2 2
47 1 2
48 3 3
49 0 3
50 3 3
51 0 3
52 1 3
53 0 3
54 1 3
55 1 3
56 5 5
57 2 5
58 2 5
59 1 5
60 2 5
61 3 5
62 3 5
63 1 5
64 5 5
65 2 5
66 3 5
67 3 5
68 4 5
69 2 5
70 1 5
71 1 5
72 2 5
73 7 7
74 3 7
75 1 7
76 1 7
77 0 7
78 14 14
79 0 14
80 0 14
81 4 14
82 0 14
83 9 14
84 0 14
85 3 14
86 2 14
87 8 14
88 0 14
89 1 14
90 0 14
91 2 14
92 1 14
93 1 14
94 0 14
95 0 14
96 0 14
97 0 14
98 0 14
99 1 14
100 0 14
101 4 14
102 1 14
103 9 14
104 0 14
105 0 14
106 2 14
107 0 14
108 1 14
109 2 14
110 0 14
111 0 14
112 13 14
113 0 14
114 0 14
115 1 14
116 0 14
117 7 14
118 28 28
119 5 28
120 62 62
121 10 62
122 1 62
123 22 62
124 28 62
125 2 62
126 7 62
127 7 62
128 21 62
129 5 62
130 2 62
131 25 62
132 1 62
133 13 62
134 37 62
135 18 62
136 14 62
137 11 62
138 8 62
139 61 62
140 10 62
141 19 62
142 40 62
143 25 62
144 26 62
145 0 62
146 15 62
147 30 62
148 24 62
149 29 62
150 31 62
151 25 62
152 34 62
153 39 62
154 4 62
155 15 62
156 3 62
157 14 62
158 34 62
159 23 62
160 37 62
161 33 62
162 27 62
163 53 62
164 22 62
165 7 62
166 8 62
167 22 62
168 21 62
169 25 62
170 0 62
171 25 62
172 23 62
173 27 62
174 17 62
175 31 62
176 21 62
177 12 62
178 28 62
179 22 62
180 33 62
181 10 62
182 28 62
183 7 62
184 23 62
185 28 62
186 17 62
187 25 62
188 30 62
189 28 62
190 20 62
191 15 62
192 14 62
193 27 62
194 22 62
195 33 62
196 18 62
197 10 62
198 10 62
199 41 62
200 23 62
201 17 62
202 20 62
203 16 62
204 7 62
205 29 62
206 8 62
207 13 62
208 18 62
209 23 62
210 26 62
211 32 62
212 25 62
213 18 62
214 106 106
215 23 106
216 37 106
217 42 106
218 11 106
219 47 106
220 37 106
221 21 106
222 20 106
223 19 106
224 29 106
225 20 106
226 13 106
227 26 106
228 16 106
229 15 106
230 41 106
231 31 106
232 11 106
233 15 106
234 53 106
235 50 106
236 13 106
237 33 106
238 14 106
239 17 106
240 28 106
241 34 106
242 37 106
243 60 106
244 10 106
245 19 106
246 24 106
247 38 106
248 12 106
249 25 106
250 28 106
251 33 106
252 26 106
253 18 106
254 5 106
255 18 106
256 20 106
257 24 106
258 47 106
259 26 106
260 46 106
261 53 106
262 46 106
263 21 106
264 11 106
265 36 106
266 17 106
267 31 106
268 18 106
269 21 106
270 13 106
271 35 106
272 23 106
273 14 106
274 23 106
275 21 106
276 21 106
277 17 106
278 40 106
279 29 106
280 27 106
281 27 106
282 11 106
283 51 106
284 7 106
285 27 106
286 45 106
287 31 106
288 35 106
289 25 106
290 14 106
291 16 106
292 22 106
293 30 106
294 20 106
295 22 106
296 14 106
297 20 106
298 22 106
299 19 106
300 43 106
301 31 106
