1 0 0
2 0 0
3 0 0
4 0 0
5 0 0
6 0 0
7 0 0
8 0 0
9 0 0
10 0 0
11 0 0
12 0 0
13 0 0
14 0 0
15 0 0
16 0 0
17 0 0
18 0 0
19 0 0
20 0 0
21 0 0
22 0 0
23 0 0
24 0 0
25 0 0
26 0 0
27 0 0
28 0 0
29 0 0
30 0 0
31 0 0
32 0 0
33 0 0
34 0 0
35 0 0
36 0 0
37 0 0
38 0 0
39 0 0
40 0 0
41 0 0
42 0 0
43 0 0
44 0 0
45 0 0
46 0 0
47 0 0
48 0 0
49 0 0
50 0 0
51 0 0
52 0 0
53 0 0
54 0 0
55 0 0
56 0 0
57 0 0
58 0 0
59 0 0
60 0 0
61 0 0
62 0 0
63 0 0
64 0 0
65 0 0
66 0 0
67 0 0
68 0 0
69 0 0
70 0 0
71 0 0
72 0 0
73 0 0
74 0 0
75 0 0
76 0 0
77 0 0
78 0 0
79 0 0
80 0 0
81 0 0
82 0 0
83 0 0
84 0 0
85 0 0
86 1 1
87 0 1
88 0 1
89 0 1
90 0 1
91 0 1
92 1 1
93 0 1
94 0 1
95 0 1
96 0 1
97 0 1
98 0 1
99 0 1
100 0 1
101 0 1
102 0 1
103 0 1
104 0 1
105 0 1
106 1 1
107 0 1
108 0 1
109 0 1
110 0 1
111 0 1
112 0 1
113 0 1
114 0 1
115 0 1
116 0 1
117 0 1
118 0 1
119 0 1
120 0 1
121 0 1
122 0 1
123 0 1
124 0 1
125 0 1
126 0 1
127 0 1
128 0 1
129 0 1
130 0 1
131 0 1
132 0 1
133 0 1
134 0 1
135 0 1
136 0 1
137 0 1
138 0 1
139 0 1
140 0 1
141 0 1
142 0 1
143 0 1
144 0 1
145 0 1
146 0 1
147 0 1
148 0 1
149 0 1
150 0 1
151 1 1
152 0 1
153 0 1
154 0 1
155 0 1
156 0 1
157 0 1
158 0 1
159 0 1
160 0 1
161 0 1
162 0 1
163 0 1
164 0 1
165 0 1
166 0 1
167 0 1
168 0 1
169 0 1
170 0 1
171 0 1
172 0 1
173 0 1
174 0 1
175 0 1
176 0 1
177 0 1
178 0 1
179 0 1
180 0 1
181 0 1
182 0 1
183 1 1
184 0 1
185 0 1
186 0 1
187 0 1
188 0 1
189 0 1
190 0 1
191 0 1
192 0 1
193 0 1
194 0 1
195 0 1
196 0 1
197 0 1
198 0 1
199 0 1
200 0 1
201 0 1
202 0 1
203 0 1
204 0 1
205 0 1
206 0 1
207 0 1
208 0 1
209 0 1
210 0 1
211 0 1
212 0 1
213 0 1
214 0 1
215 0 1
216 0 1
217 0 1
218 0 1
219 0 1
220 0 1
221 0 1
222 0 1
223 0 1
224 0 1
225 0 1
226 0 1
227 0 1
228 0 1
229 0 1
230 0 1
231 0 1
232 0 1
233 0 1
234 0 1
235 0 1
236 0 1
237 0 1
238 0 1
239 1 1
240 0 1
241 0 1
242 0 1
243 0 1
244 0 1
245 0 1
246 0 1
247 0 1
248 0 1
249 0 1
250 0 1
251 0 1
252 0 1
253 0 1
254 0 1
255 0 1
256 0 1
257 0 1
258 0 1
259 0 1
260 0 1
261 0 1
262 0 1
263 0 1
264 0 1
265 0 1
266 0 1
267 1 1
268 0 1
269 0 1
270 0 1
271 0 1
272 0 1
273 0 1
274 0 1
275 0 1
276 0 1
277 0 1
278 0 1
279 0 1
280 0 1
281 0 1
282 0 1
283 0 1
284 0 1
285 1 1
286 0 1
287 0 1
288 0 1
289 1 1
290 0 1
291 0 1
292 0 1
293 0 1
294 0 1
295 1 1
296 0 1
297 0 1
298 0 1
299 0 1
300 0 1
301 0 1
302 0 1
303 0 1
304 0 1
305 0 1
306 0 1
307 0 1
308 0 1
309 0 1
310 0 1
311 0 1
312 0 1
313 0 1
314 0 1
315 0 1
316 0 1
317 0 1
318 0 1
319 0 1
320 0 1
321 0 1
322 0 1
323 0 1
324 0 1
325 0 1
326 0 1
327 0 1
328 0 1
329 0 1
330 0 1
331 0 1
332 0 1
333 0 1
334 0 1
335 0 1
336 0 1
337 0 1
338 0 1
339 0 1
340 0 1
341 0 1
342 0 1
343 0 1
344 0 1
345 0 1
346 0 1
347 0 1
348 0 1
349 0 1
350 0 1
351 0 1
352 0 1
353 0 1
354 0 1
355 0 1
356 0 1
357 0 1
358 0 1
359 0 1
360 0 1
361 0 1
362 0 1
363 0 1
364 0 1
365 0 1
366 0 1
367 0 1
368 0 1
369 0 1
370 0 1
371 0 1
372 0 1
373 0 1
374 0 1
375 0 1
376 0 1
377 0 1
378 0 1
379 0 1
380 0 1
381 0 1
382 0 1
383 0 1
384 0 1
385 0 1
386 0 1
387 0 1
388 0 1
389 0 1
390 0 1
391 0 1
392 0 1
393 0 1
394 0 1
395 0 1
396 0 1
397 0 1
398 0 1
399 0 1
400 0 1
401 0 1
402 0 1
403 0 1
404 0 1
