1 0 0
2 0 0
3 0 0
4 0 0
5 0 0
6 1 1
7 0 1
8 1 1
9 0 1
10 1 1
11 3 3
12 1 3
13 0 3
14 1 3
15 1 3
16 0 3
17 0 3
18 0 3
19 1 3
20 0 3
21 2 3
22 0 3
23 1 3
24 0 3
25 0 3
26 1 3
27 1 3
28 1 3
29 2 3
30 1 3
31 1 3
32 0 3
33 0 3
34 1 3
35 1 3
36 0 3
37 0 3
38 3 3
39 1 3
40 0 3
41 1 3
42 0 3
43 0 3
44 2 3
45 1 3
46 0 3
47 3 3
48 0 3
49 0 3
50 0 3
51 0 3
52 0 3
53 0 3
54 3 3
55 1 3
56 0 3
57 0 3
58 3 3
59 6 6
60 1 6
61 2 6
62 1 6
63 5 6
64 0 6
65 1 6
66 1 6
67 0 6
68 4 6
69 5 6
70 1 6
71 2 6
72 8 8
73 1 8
74 4 8
75 4 8
76 3 8
77 0 8
78 4 8
79 15 15
80 8 15
81 0 15
82 0 15
83 8 15
84 8 15
85 5 15
86 1 15
87 0 15
88 0 15
89 0 15
90 0 15
91 2 15
92 9 15
93 0 15
94 1 15
95 10 15
96 18 18
97 6 18
98 0 18
99 2 18
100 0 18
101 0 18
102 0 18
103 0 18
104 20 20
105 16 20
106 16 20
107 25 25
108 32 32
109 5 32
110 7 32
111 12 32
112 4 32
113 19 32
114 24 32
115 24 32
116 14 32
117 28 32
118 18 32
119 20 32
120 36 36
121 31 36
122 14 36
123 42 42
124 20 42
125 9 42
126 46 46
127 24 46
128 16 46
129 26 46
130 2 46
131 10 46
132 26 46
133 62 62
134 6 62
135 13 62
136 25 62
137 9 62
138 6 62
139 14 62
140 22 62
141 32 62
142 30 62
143 7 62
144 10 62
145 20 62
146 35 62
147 9 62
148 6 62
149 2 62
150 24 62
151 16 62
152 8 62
153 29 62
154 24 62
155 17 62
156 23 62
157 19 62
158 15 62
159 15 62
160 11 62
161 11 62
162 31 62
163 33 62
164 56 62
165 23 62
166 14 62
167 11 62
168 42 62
169 30 62
170 29 62
171 24 62
172 12 62
173 32 62
174 27 62
175 44 62
176 39 62
177 22 62
178 33 62
179 30 62
180 34 62
181 12 62
182 47 62
183 35 62
184 42 62
185 11 62
186 26 62
187 34 62
188 26 62
189 5 62
190 9 62
191 21 62
192 30 62
193 14 62
194 16 62
195 25 62
196 27 62
197 15 62
198 34 62
199 41 62
200 19 62
201 33 62
202 41 62
203 42 62
204 35 62
205 23 62
206 9 62
207 39 62
208 6 62
209 18 62
210 43 62
211 82 82
212 31 82
213 37 82
214 10 82
215 18 82
216 22 82
217 23 82
218 29 82
219 11 82
220 12 82
221 15 82
222 25 82
223 20 82
224 24 82
225 23 82
226 5 82
227 21 82
228 47 82
229 26 82
230 30 82
231 30 82
232 31 82
233 8 82
234 34 82
235 31 82
236 12 82
237 19 82
238 30 82
239 9 82
240 29 82
241 37 82
242 23 82
243 25 82
244 14 82
245 14 82
246 14 82
247 14 82
248 13 82
249 6 82
250 12 82
251 20 82
252 9 82
253 23 82
254 34 82
255 30 82
256 20 82
257 22 82
258 16 82
259 26 82
260 15 82
261 22 82
262 46 82
263 18 82
264 21 82
265 16 82
266 8 82
267 24 82
268 18 82
269 33 82
270 27 82
271 9 82
272 7 82
273 30 82
274 32 82
275 10 82
276 15 82
277 14 82
278 26 82
279 15 82
280 21 82
281 28 82
282 26 82
283 23 82
284 29 82
285 16 82
286 16 82
287 29 82
288 25 82
289 27 82
290 27 82
291 22 82
292 25 82
293 23 82
294 13 82
295 23 82
296 47 82
297 37 82
298 25 82
299 43 82
300 30 82
301 52 82
