1 0 0
2 0 0
3 0 0
4 1 1
5 0 1
6 0 1
7 1 1
8 0 1
9 0 1
10 0 1
11 1 1
12 0 1
13 0 1
14 1 1
15 0 1
16 0 1
17 0 1
18 1 1
19 0 1
20 0 1
21 1 1
22 1 1
23 1 1
24 0 1
25 1 1
26 0 1
27 1 1
28 1 1
29 0 1
30 0 1
31 1 1
32 1 1
33 1 1
34 0 1
35 0 1
36 1 1
37 1 1
38 0 1
39 0 1
40 0 1
41 0 1
42 0 1
43 0 1
44 1 1
45 0 1
46 0 1
47 0 1
48 0 1
49 2 2
50 0 2
51 0 2
52 1 2
53 0 2
54 0 2
55 0 2
56 0 2
57 0 2
58 0 2
59 1 2
60 0 2
61 0 2
62 1 2
63 0 2
64 0 2
65 1 2
66 1 2
67 1 2
68 0 2
69 0 2
70 1 2
71 0 2
72 1 2
73 1 2
74 2 2
75 1 2
76 3 3
77 0 3
78 1 3
79 0 3
80 1 3
81 0 3
82 3 3
83 0 3
84 0 3
85 0 3
86 1 3
87 2 3
88 2 3
89 1 3
90 0 3
91 3 3
92 0 3
93 0 3
94 4 4
95 22 22
96 9 22
97 13 22
98 8 22
99 3 22
100 0 22
101 7 22
102 3 22
103 1 22
104 8 22
105 4 22
106 1 22
107 2 22
108 7 22
109 1 22
110 8 22
111 5 22
112 18 22
113 2 22
114 16 22
115 20 22
116 5 22
117 7 22
118 4 22
119 1 22
120 2 22
121 1 22
122 0 22
123 1 22
124 2 22
125 20 22
126 12 22
127 19 22
128 1 22
129 2 22
130 32 32
131 17 32
132 29 32
133 22 32
134 21 32
135 14 32
136 22 32
137 29 32
138 20 32
139 8 32
140 31 32
141 8 32
142 15 32
143 10 32
144 6 32
145 18 32
146 20 32
147 12 32
148 22 32
149 33 33
150 2 33
151 1 33
152 1 33
153 15 33
154 10 33
155 13 33
156 14 33
157 11 33
158 20 33
159 5 33
160 21 33
161 26 33
162 38 38
163 32 38
164 17 38
165 26 38
166 16 38
167 23 38
168 18 38
169 2 38
170 41 41
171 12 41
172 22 41
173 27 41
174 27 41
175 4 41
176 11 41
177 20 41
178 22 41
179 11 41
180 17 41
181 19 41
182 13 41
183 35 41
184 31 41
185 43 43
186 4 43
187 8 43
188 19 43
189 24 43
190 21 43
191 20 43
192 21 43
193 32 43
194 20 43
195 22 43
196 14 43
197 33 43
198 22 43
199 19 43
200 29 43
201 12 43
202 15 43
203 21 43
204 24 43
205 41 43
206 39 43
207 45 45
208 21 45
209 13 45
210 19 45
211 17 45
212 9 45
213 12 45
214 12 45
215 2 45
216 25 45
217 8 45
218 1 45
219 17 45
220 6 45
221 25 45
222 7 45
223 21 45
224 50 50
225 6 50
226 12 50
227 0 50
228 30 50
229 56 56
230 24 56
231 16 56
232 28 56
233 31 56
234 28 56
235 8 56
236 11 56
237 30 56
238 32 56
239 32 56
240 40 56
241 29 56
242 11 56
243 22 56
244 23 56
245 40 56
246 18 56
247 34 56
248 1 56
249 24 56
250 4 56
251 38 56
252 13 56
253 17 56
254 23 56
255 18 56
256 20 56
257 28 56
258 42 56
259 8 56
260 16 56
261 43 56
262 25 56
263 37 56
264 8 56
265 29 56
266 25 56
267 18 56
268 20 56
269 67 67
270 31 67
271 19 67
272 27 67
273 16 67
274 56 67
275 28 67
276 21 67
277 26 67
278 25 67
279 21 67
280 33 67
281 53 67
282 20 67
283 34 67
284 54 67
285 21 67
286 11 67
287 24 67
288 43 67
289 28 67
290 34 67
291 30 67
292 1 67
293 29 67
294 71 71
295 58 71
296 13 71
297 28 71
298 22 71
299 59 71
300 45 71
301 30 71
