1 1 1
2 0 1
3 0 1
4 4 4
5 0 4
6 0 4
7 1 4
8 0 4
9 0 4
10 0 4
11 1 4
12 0 4
13 0 4
14 0 4
15 0 4
16 1 4
17 0 4
18 3 4
19 0 4
20 1 4
21 2 4
22 0 4
23 0 4
24 0 4
25 0 4
26 1 4
27 1 4
28 0 4
29 1 4
30 1 4
31 0 4
32 1 4
33 3 4
34 2 4
35 0 4
36 0 4
37 2 4
38 0 4
39 2 4
40 3 4
41 0 4
42 2 4
43 2 4
44 0 4
45 2 4
46 0 4
47 0 4
48 2 4
49 0 4
50 0 4
51 0 4
52 0 4
53 0 4
54 1 4
55 0 4
56 0 4
57 0 4
58 1 4
59 2 4
60 1 4
61 1 4
62 1 4
63 0 4
64 0 4
65 0 4
66 0 4
67 1 4
68 1 4
69 1 4
70 1 4
71 0 4
72 0 4
73 3 4
74 1 4
75 0 4
76 0 4
77 1 4
78 11 11
79 0 11
80 5 11
81 4 11
82 4 11
83 5 11
84 0 11
85 6 11
86 10 11
87 4 11
88 1 11
89 1 11
90 2 11
91 5 11
92 0 11
93 0 11
94 0 11
95 0 11
96 0 11
97 0 11
98 4 11
99 14 14
100 65 65
101 10 65
102 10 65
103 6 65
104 1 65
105 15 65
106 5 65
107 19 65
108 6 65
109 1 65
110 5 65
111 7 65
112 19 65
113 9 65
114 5 65
115 13 65
116 22 65
117 6 65
118 10 65
119 6 65
120 16 65
121 8 65
122 9 65
123 7 65
124 14 65
125 0 65
126 4 65
127 0 65
128 11 65
129 3 65
130 5 65
131 7 65
132 25 65
133 5 65
134 0 65
135 0 65
136 13 65
137 4 65
138 1 65
139 6 65
140 2 65
141 5 65
142 2 65
143 12 65
144 2 65
145 0 65
146 40 65
147 41 65
148 16 65
149 31 65
150 26 65
151 20 65
152 21 65
153 6 65
154 23 65
155 25 65
156 39 65
157 29 65
158 27 65
159 29 65
160 14 65
161 12 65
162 27 65
163 13 65
164 15 65
165 53 65
166 23 65
167 21 65
168 9 65
169 19 65
170 36 65
171 16 65
172 32 65
173 16 65
174 36 65
175 29 65
176 12 65
177 31 65
178 3 65
179 17 65
180 22 65
181 12 65
182 10 65
183 17 65
184 16 65
185 16 65
186 12 65
187 14 65
188 7 65
189 5 65
190 6 65
191 21 65
192 19 65
193 18 65
194 49 65
195 0 65
196 1 65
197 10 65
198 15 65
199 4 65
200 17 65
201 21 65
202 10 65
203 19 65
204 7 65
205 14 65
206 10 65
207 7 65
208 24 65
209 34 65
210 27 65
211 38 65
212 19 65
213 42 65
214 7 65
215 30 65
216 22 65
217 10 65
218 22 65
219 13 65
220 14 65
221 13 65
222 20 65
223 28 65
224 19 65
225 16 65
226 8 65
227 21 65
228 21 65
229 19 65
230 14 65
231 15 65
232 17 65
233 21 65
234 14 65
235 1 65
236 8 65
237 5 65
238 5 65
239 23 65
240 4 65
241 15 65
242 5 65
243 16 65
244 13 65
245 22 65
246 40 65
247 24 65
248 15 65
249 20 65
250 23 65
251 12 65
252 9 65
253 15 65
254 15 65
255 12 65
256 3 65
257 33 65
258 15 65
259 16 65
260 4 65
261 12 65
262 20 65
263 39 65
264 12 65
265 11 65
266 15 65
267 27 65
268 14 65
269 27 65
270 11 65
271 23 65
272 16 65
273 41 65
274 23 65
275 4 65
276 17 65
277 16 65
278 6 65
279 17 65
280 1 65
281 17 65
282 17 65
283 30 65
284 26 65
285 16 65
286 21 65
287 13 65
288 28 65
289 32 65
290 21 65
291 16 65
292 30 65
293 33 65
294 18 65
295 8 65
296 15 65
297 43 65
298 5 65
299 21 65
300 19 65
301 30 65
