1 0 0
2 0 0
3 0 0
4 0 0
5 0 0
6 1 1
7 1 1
8 0 1
9 0 1
10 0 1
11 0 1
12 0 1
13 1 1
14 0 1
15 0 1
16 0 1
17 0 1
18 0 1
19 0 1
20 0 1
21 2 2
22 0 2
23 1 2
24 0 2
25 0 2
26 1 2
27 0 2
28 0 2
29 1 2
30 1 2
31 1 2
32 0 2
33 0 2
34 0 2
35 1 2
36 1 2
37 0 2
38 1 2
39 0 2
40 5 5
41 2 5
42 2 5
43 0 5
44 3 5
45 2 5
46 0 5
47 2 5
48 0 5
49 2 5
50 1 5
51 0 5
52 0 5
53 0 5
54 0 5
55 1 5
56 4 5
57 2 5
58 0 5
59 0 5
60 0 5
61 0 5
62 0 5
63 1 5
64 0 5
65 1 5
66 1 5
67 1 5
68 0 5
69 2 5
70 0 5
71 0 5
72 3 5
73 0 5
74 2 5
75 0 5
76 3 5
77 1 5
78 1 5
79 1 5
80 0 5
81 1 5
82 0 5
83 0 5
84 0 5
85 0 5
86 0 5
87 0 5
88 0 5
89 0 5
90 0 5
91 0 5
92 0 5
93 0 5
94 1 5
95 0 5
96 0 5
97 0 5
98 6 6
99 1 6
100 0 6
101 0 6
102 0 6
103 0 6
104 0 6
105 0 6
106 4 6
107 10 10
108 0 10
109 0 10
110 1 10
111 2 10
112 0 10
113 1 10
114 1 10
115 0 10
116 0 10
117 0 10
118 0 10
119 0 10
120 0 10
121 0 10
122 0 10
123 3 10
124 0 10
125 0 10
126 2 10
127 0 10
128 0 10
129 0 10
130 1 10
131 0 10
132 5 10
133 1 10
134 0 10
135 0 10
136 0 10
137 2 10
138 1 10
139 3 10
140 5 10
141 0 10
142 0 10
143 0 10
144 0 10
145 2 10
146 0 10
147 0 10
148 2 10
149 1 10
150 0 10
151 0 10
152 0 10
153 9 10
154 12 12
155 10 12
156 0 12
157 7 12
158 4 12
159 24 24
160 11 24
161 15 24
162 11 24
163 15 24
164 15 24
165 5 24
166 5 24
167 0 24
168 1 24
169 0 24
170 10 24
171 1 24
172 12 24
173 1 24
174 3 24
175 0 24
176 4 24
177 3 24
178 6 24
179 31 31
180 9 31
181 6 31
182 2 31
183 2 31
184 1 31
185 21 31
186 34 34
187 27 34
188 3 34
189 29 34
190 13 34
191 4 34
192 17 34
193 13 34
194 40 40
195 18 40
196 10 40
197 1 40
198 14 40
199 25 40
200 3 40
201 13 40
202 24 40
203 13 40
204 10 40
205 25 40
206 13 40
207 0 40
208 27 40
209 39 40
210 12 40
211 15 40
212 4 40
213 22 40
214 23 40
215 28 40
216 36 40
217 25 40
218 30 40
219 19 40
220 13 40
221 25 40
222 33 40
223 14 40
224 45 45
225 24 45
226 30 45
227 22 45
228 9 45
229 10 45
230 34 45
231 46 46
232 35 46
233 12 46
234 21 46
235 17 46
236 7 46
237 25 46
238 26 46
239 46 46
240 32 46
241 26 46
242 15 46
243 23 46
244 30 46
245 17 46
246 28 46
247 19 46
248 8 46
249 28 46
250 19 46
251 28 46
252 20 46
253 18 46
254 23 46
255 32 46
256 48 48
257 15 48
258 20 48
259 6 48
260 21 48
261 10 48
262 26 48
263 19 48
264 19 48
265 19 48
266 43 48
267 48 48
268 33 48
269 30 48
270 17 48
271 9 48
272 24 48
273 10 48
274 45 48
275 30 48
276 19 48
277 2 48
278 40 48
279 47 48
280 51 51
281 15 51
282 20 51
283 33 51
284 33 51
285 16 51
286 22 51
287 14 51
288 26 51
289 18 51
290 31 51
291 21 51
292 18 51
293 18 51
294 20 51
295 31 51
296 50 51
297 37 51
298 32 51
299 26 51
300 37 51
301 19 51
