1 0 0
2 0 0
3 0 0
4 1 1
5 0 1
6 0 1
7 1 1
8 0 1
9 0 1
10 0 1
11 0 1
12 0 1
13 0 1
14 1 1
15 0 1
16 1 1
17 0 1
18 0 1
19 0 1
20 0 1
21 0 1
22 0 1
23 0 1
24 0 1
25 0 1
26 1 1
27 0 1
28 0 1
29 0 1
30 0 1
31 0 1
32 1 1
33 1 1
34 0 1
35 1 1
36 0 1
37 0 1
38 0 1
39 1 1
40 0 1
41 1 1
42 1 1
43 0 1
44 0 1
45 0 1
46 0 1
47 0 1
48 0 1
49 0 1
50 0 1
51 0 1
52 1 1
53 3 3
54 1 3
55 2 3
56 1 3
57 0 3
58 1 3
59 4 4
60 1 4
61 0 4
62 0 4
63 1 4
64 0 4
65 1 4
66 1 4
67 1 4
68 3 4
69 0 4
70 0 4
71 3 4
72 0 4
73 3 4
74 1 4
75 0 4
76 0 4
77 0 4
78 2 4
79 0 4
80 0 4
81 0 4
82 0 4
83 0 4
84 0 4
85 0 4
86 0 4
87 0 4
88 0 4
89 0 4
90 0 4
91 0 4
92 0 4
93 1 4
94 0 4
95 0 4
96 0 4
97 0 4
98 1 4
99 0 4
100 0 4
101 0 4
102 0 4
103 0 4
104 0 4
105 0 4
106 0 4
107 0 4
108 0 4
109 0 4
110 1 4
111 3 4
112 0 4
113 0 4
114 0 4
115 0 4
116 0 4
117 0 4
118 1 4
119 10 10
120 0 10
121 0 10
122 0 10
123 0 10
124 0 10
125 0 10
126 1 10
127 0 10
128 0 10
129 0 10
130 0 10
131 0 10
132 0 10
133 0 10
134 0 10
135 0 10
136 0 10
137 0 10
138 1 10
139 0 10
140 0 10
141 0 10
142 1 10
143 0 10
144 0 10
145 0 10
146 0 10
147 0 10
148 1 10
149 0 10
150 1 10
151 0 10
152 0 10
153 2 10
154 0 10
155 0 10
156 0 10
157 2 10
158 3 10
159 0 10
160 0 10
161 1 10
162 1 10
163 0 10
164 1 10
165 0 10
166 0 10
167 0 10
168 0 10
169 0 10
170 0 10
171 0 10
172 1 10
173 0 10
174 0 10
175 0 10
176 0 10
177 0 10
178 1 10
179 1 10
180 0 10
181 1 10
182 2 10
183 0 10
184 0 10
185 0 10
186 0 10
187 0 10
188 2 10
189 1 10
190 0 10
191 0 10
192 1 10
193 2 10
194 1 10
195 0 10
196 0 10
197 0 10
198 0 10
199 0 10
200 0 10
201 0 10
202 0 10
203 0 10
204 0 10
205 0 10
206 0 10
207 0 10
208 0 10
209 0 10
210 1 10
211 1 10
212 0 10
213 1 10
214 0 10
215 0 10
216 2 10
217 0 10
218 0 10
219 0 10
220 0 10
221 0 10
222 1 10
223 0 10
224 0 10
225 0 10
226 1 10
227 0 10
228 0 10
229 0 10
230 0 10
231 0 10
232 0 10
233 0 10
234 0 10
235 0 10
236 0 10
237 0 10
238 0 10
239 1 10
240 0 10
241 0 10
242 0 10
243 0 10
244 0 10
245 0 10
246 1 10
247 0 10
248 0 10
249 0 10
250 0 10
251 2 10
252 2 10
253 0 10
254 0 10
255 1 10
256 0 10
257 2 10
258 0 10
259 0 10
260 4 10
261 0 10
262 1 10
263 0 10
264 1 10
265 1 10
266 0 10
267 0 10
268 0 10
269 0 10
270 0 10
271 0 10
272 0 10
273 0 10
274 0 10
275 0 10
276 0 10
277 1 10
278 0 10
279 0 10
280 3 10
281 1 10
282 5 10
283 2 10
284 0 10
285 5 10
286 0 10
287 3 10
288 0 10
289 4 10
290 0 10
291 0 10
292 0 10
293 3 10
294 0 10
295 0 10
296 1 10
297 1 10
298 1 10
299 1 10
300 1 10
301 1 10
