1 0 0
2 0 0
3 0 0
4 1 1
5 0 1
6 0 1
7 0 1
8 0 1
9 0 1
10 0 1
11 1 1
12 0 1
13 0 1
14 0 1
15 0 1
16 1 1
17 0 1
18 0 1
19 0 1
20 1 1
21 0 1
22 1 1
23 1 1
24 0 1
25 0 1
26 0 1
27 0 1
28 0 1
29 0 1
30 1 1
31 1 1
32 0 1
33 1 1
34 0 1
35 0 1
36 0 1
37 0 1
38 0 1
39 1 1
40 2 2
41 0 2
42 0 2
43 0 2
44 0 2
45 0 2
46 0 2
47 1 2
48 0 2
49 1 2
50 1 2
51 0 2
52 1 2
53 0 2
54 0 2
55 0 2
56 2 2
57 0 2
58 1 2
59 0 2
60 0 2
61 1 2
62 0 2
63 0 2
64 0 2
65 2 2
66 0 2
67 1 2
68 1 2
69 1 2
70 1 2
71 2 2
72 3 3
73 4 4
74 3 4
75 2 4
76 5 5
77 0 5
78 3 5
79 7 7
80 0 7
81 0 7
82 4 7
83 2 7
84 5 7
85 5 7
86 3 7
87 0 7
88 8 8
89 0 8
90 18 18
91 0 18
92 3 18
93 1 18
94 12 18
95 0 18
96 0 18
97 1 18
98 0 18
99 6 18
100 0 18
101 2 18
102 4 18
103 0 18
104 1 18
105 0 18
106 0 18
107 1 18
108 8 18
109 1 18
110 5 18
111 1 18
112 1 18
113 2 18
114 9 18
115 3 18
116 9 18
117 9 18
118 8 18
119 29 29
120 13 29
121 25 29
122 21 29
123 21 29
124 25 29
125 7 29
126 27 29
127 5 29
128 8 29
129 12 29
130 17 29
131 15 29
132 26 29
133 10 29
134 24 29
135 25 29
136 13 29
137 1 29
138 7 29
139 9 29
140 11 29
141 16 29
142 8 29
143 11 29
144 5 29
145 9 29
146 17 29
147 7 29
148 18 29
149 19 29
150 7 29
151 37 37
152 3 37
153 12 37
154 4 37
155 0 37
156 7 37
157 12 37
158 27 37
159 33 37
160 26 37
161 23 37
162 12 37
163 15 37
164 9 37
165 9 37
166 9 37
167 19 37
168 27 37
169 28 37
170 5 37
171 25 37
172 13 37
173 14 37
174 9 37
175 31 37
176 4 37
177 10 37
178 4 37
179 20 37
180 28 37
181 38 38
182 12 38
183 34 38
184 7 38
185 7 38
186 18 38
187 4 38
188 14 38
189 16 38
190 20 38
191 35 38
192 21 38
193 10 38
194 25 38
195 33 38
196 33 38
197 11 38
198 19 38
199 31 38
200 21 38
201 33 38
202 29 38
203 10 38
204 15 38
205 19 38
206 28 38
207 10 38
208 15 38
209 13 38
210 14 38
211 28 38
212 10 38
213 33 38
214 30 38
215 36 38
216 29 38
217 27 38
218 20 38
219 15 38
220 13 38
221 17 38
222 43 43
223 16 43
224 4 43
225 10 43
226 4 43
227 19 43
228 24 43
229 27 43
230 23 43
231 13 43
232 29 43
233 19 43
234 18 43
235 5 43
236 0 43
237 14 43
238 26 43
239 23 43
240 19 43
241 23 43
242 17 43
243 15 43
244 7 43
245 14 43
246 9 43
247 1 43
248 7 43
249 22 43
250 11 43
251 6 43
252 4 43
253 30 43
254 12 43
255 27 43
256 11 43
257 25 43
258 29 43
259 36 43
260 9 43
261 37 43
262 56 56
263 42 56
264 18 56
265 21 56
266 17 56
267 27 56
268 31 56
269 20 56
270 19 56
271 29 56
272 20 56
273 29 56
274 20 56
275 11 56
276 6 56
277 2 56
278 3 56
279 0 56
280 7 56
281 1 56
282 14 56
283 14 56
284 26 56
285 10 56
286 18 56
287 18 56
288 16 56
289 24 56
290 22 56
291 11 56
292 14 56
293 18 56
294 21 56
295 10 56
296 29 56
297 16 56
298 40 56
299 30 56
300 22 56
301 6 56
