1 0 0
2 0 0
3 0 0
4 1 1
5 0 1
6 0 1
7 0 1
8 0 1
9 1 1
10 0 1
11 0 1
12 1 1
13 0 1
14 0 1
15 1 1
16 0 1
17 0 1
18 1 1
19 0 1
20 0 1
21 0 1
22 0 1
23 0 1
24 0 1
25 0 1
26 0 1
27 0 1
28 2 2
29 0 2
30 1 2
31 0 2
32 0 2
33 0 2
34 0 2
35 1 2
36 0 2
37 1 2
38 0 2
39 2 2
40 1 2
41 2 2
42 2 2
43 0 2
44 2 2
45 1 2
46 0 2
47 1 2
48 0 2
49 2 2
50 2 2
51 2 2
52 0 2
53 0 2
54 0 2
55 0 2
56 1 2
57 0 2
58 0 2
59 0 2
60 0 2
61 0 2
62 1 2
63 0 2
64 1 2
65 0 2
66 2 2
67 0 2
68 0 2
69 0 2
70 1 2
71 2 2
72 0 2
73 3 3
74 1 3
75 0 3
76 0 3
77 0 3
78 0 3
79 2 3
80 1 3
81 0 3
82 0 3
83 0 3
84 0 3
85 0 3
86 0 3
87 0 3
88 0 3
89 0 3
90 0 3
91 5 5
92 0 5
93 0 5
94 1 5
95 0 5
96 0 5
97 0 5
98 0 5
99 0 5
100 0 5
101 0 5
102 0 5
103 0 5
104 0 5
105 1 5
106 3 5
107 0 5
108 0 5
109 0 5
110 0 5
111 0 5
112 1 5
113 2 5
114 0 5
115 0 5
116 1 5
117 1 5
118 0 5
119 1 5
120 1 5
121 1 5
122 0 5
123 0 5
124 0 5
125 0 5
126 0 5
127 0 5
128 0 5
129 0 5
130 0 5
131 1 5
132 0 5
133 1 5
134 0 5
135 0 5
136 0 5
137 0 5
138 4 5
139 5 5
140 0 5
141 0 5
142 0 5
143 20 20
144 4 20
145 3 20
146 13 20
147 1 20
148 0 20
149 2 20
150 8 20
151 0 20
152 1 20
153 9 20
154 6 20
155 6 20
156 22 22
157 18 22
158 7 22
159 6 22
160 0 22
161 1 22
162 0 22
163 1 22
164 0 22
165 3 22
166 1 22
167 7 22
168 34 34
169 20 34
170 23 34
171 64 64
172 36 64
173 20 64
174 22 64
175 15 64
176 6 64
177 5 64
178 11 64
179 41 64
180 1 64
181 7 64
182 4 64
183 18 64
184 19 64
185 13 64
186 28 64
187 15 64
188 22 64
189 1 64
190 9 64
191 23 64
192 16 64
193 27 64
194 46 64
195 23 64
196 40 64
197 13 64
198 19 64
199 22 64
200 5 64
201 11 64
202 1 64
203 17 64
204 11 64
205 11 64
206 22 64
207 37 64
208 10 64
209 21 64
210 13 64
211 29 64
212 24 64
213 50 64
214 22 64
215 27 64
216 34 64
217 51 64
218 24 64
219 22 64
220 1 64
221 33 64
222 30 64
223 1 64
224 29 64
225 31 64
226 27 64
227 7 64
228 1 64
229 24 64
230 22 64
231 45 64
232 13 64
233 30 64
234 10 64
235 3 64
236 21 64
237 30 64
238 31 64
239 3 64
240 13 64
241 27 64
242 11 64
243 27 64
244 21 64
245 15 64
246 31 64
247 11 64
248 20 64
249 11 64
250 26 64
251 20 64
252 33 64
253 17 64
254 7 64
255 29 64
256 37 64
257 14 64
258 11 64
259 17 64
260 22 64
261 22 64
262 53 64
263 24 64
264 25 64
265 29 64
266 3 64
267 52 64
268 10 64
269 25 64
270 19 64
271 14 64
272 20 64
273 35 64
274 17 64
275 0 64
276 17 64
277 61 64
278 19 64
279 34 64
280 26 64
281 51 64
282 32 64
283 30 64
284 23 64
285 26 64
286 5 64
287 8 64
288 14 64
289 0 64
290 2 64
291 21 64
292 12 64
293 18 64
294 29 64
295 33 64
296 7 64
297 23 64
298 29 64
299 23 64
300 32 64
301 6 64
302 11 64
303 11 64
304 20 64
305 46 64
306 28 64
307 15 64
308 31 64
309 16 64
310 28 64
311 13 64
312 6 64
313 16 64
314 27 64
315 9 64
316 18 64
317 30 64
318 14 64
319 22 64
320 8 64
321 20 64
322 26 64
323 34 64
324 7 64
325 8 64
326 1 64
327 28 64
328 6 64
329 28 64
330 48 64
331 41 64
332 38 64
333 18 64
334 26 64
335 32 64
336 11 64
337 31 64
338 39 64
339 27 64
340 33 64
341 17 64
342 26 64
343 18 64
344 17 64
345 38 64
346 21 64
347 26 64
348 8 64
349 9 64
350 27 64
351 24 64
352 20 64
353 12 64
354 47 64
355 51 64
356 10 64
357 34 64
358 45 64
359 55 64
360 62 64
361 49 64
362 47 64
363 33 64
364 20 64
365 49 64
366 12 64
367 59 64
368 5 64
369 19 64
370 26 64
371 6 64
372 24 64
373 37 64
374 12 64
375 38 64
376 14 64
377 31 64
378 23 64
379 23 64
380 52 64
381 19 64
382 32 64
383 8 64
384 40 64
385 14 64
386 8 64
387 24 64
388 5 64
389 25 64
390 12 64
391 26 64
392 49 64
393 71 71
394 22 71
395 18 71
396 16 71
397 30 71
398 27 71
399 25 71
400 15 71
401 19 71
402 46 71
403 27 71
404 29 71
405 31 71
406 18 71
407 22 71
408 44 71
409 29 71
410 33 71
411 15 71
412 31 71
413 23 71
414 34 71
415 42 71
416 37 71
417 35 71
418 48 71
419 35 71
420 37 71
421 26 71
422 10 71
423 29 71
424 30 71
425 22 71
426 22 71
427 18 71
428 22 71
429 30 71
430 12 71
431 27 71
432 28 71
433 25 71
434 47 71
435 16 71
436 12 71
437 32 71
438 49 71
439 24 71
440 17 71
441 27 71
442 32 71
443 34 71
444 11 71
445 14 71
446 40 71
447 27 71
448 22 71
449 22 71
450 11 71
451 20 71
452 25 71
453 29 71
454 26 71
455 12 71
456 17 71
457 22 71
458 14 71
459 27 71
460 55 71
461 7 71
462 9 71
463 19 71
464 19 71
465 41 71
466 26 71
467 10 71
468 17 71
469 30 71
470 21 71
471 28 71
472 30 71
473 30 71
474 25 71
475 17 71
476 9 71
477 37 71
478 32 71
479 26 71
480 29 71
481 57 71
482 52 71
483 37 71
484 40 71
485 11 71
486 37 71
487 28 71
488 26 71
489 29 71
490 25 71
491 31 71
492 37 71
493 21 71
494 31 71
495 17 71
496 50 71
497 46 71
498 24 71
499 73 73
500 17 73
501 18 73
502 50 73
503 48 73
504 10 73
505 27 73
506 8 73
507 78 78
508 24 78
509 15 78
510 43 78
511 34 78
512 43 78
513 25 78
514 30 78
515 30 78
516 24 78
517 23 78
518 26 78
519 16 78
520 30 78
521 15 78
522 46 78
523 32 78
524 41 78
525 25 78
526 36 78
527 38 78
528 30 78
529 32 78
530 33 78
531 36 78
532 38 78
533 50 78
534 10 78
535 42 78
536 32 78
537 38 78
538 21 78
539 37 78
540 27 78
541 22 78
542 62 78
543 26 78
544 51 78
545 36 78
546 12 78
547 41 78
548 17 78
549 28 78
550 26 78
551 42 78
552 31 78
553 13 78
554 20 78
555 40 78
556 72 78
557 69 78
558 16 78
559 38 78
560 26 78
561 34 78
562 15 78
563 19 78
564 25 78
565 23 78
566 25 78
567 31 78
568 40 78
569 32 78
570 20 78
571 24 78
572 30 78
573 17 78
574 26 78
575 14 78
576 34 78
577 9 78
578 15 78
579 24 78
580 42 78
581 15 78
582 14 78
583 14 78
584 10 78
585 44 78
586 24 78
587 12 78
588 62 78
589 28 78
590 19 78
591 17 78
592 38 78
593 17 78
594 12 78
595 29 78
596 12 78
597 30 78
598 44 78
599 41 78
600 39 78
601 25 78
602 40 78
603 18 78
604 47 78
605 30 78
606 29 78
607 58 78
608 34 78
609 27 78
610 20 78
611 24 78
612 37 78
613 19 78
614 14 78
615 41 78
616 39 78
617 46 78
618 16 78
619 22 78
620 11 78
621 18 78
622 29 78
623 23 78
624 28 78
625 49 78
626 30 78
627 30 78
628 18 78
629 54 78
630 11 78
631 22 78
632 67 78
633 16 78
634 32 78
635 20 78
636 36 78
637 22 78
638 51 78
639 30 78
640 21 78
641 51 78
642 38 78
643 24 78
644 48 78
645 34 78
646 19 78
647 18 78
648 34 78
649 25 78
650 32 78
651 47 78
652 15 78
653 14 78
654 50 78
655 30 78
656 39 78
657 32 78
658 44 78
659 33 78
660 29 78
661 31 78
662 52 78
663 17 78
664 27 78
665 28 78
666 51 78
667 33 78
668 22 78
669 29 78
670 37 78
671 20 78
672 19 78
673 34 78
674 40 78
675 36 78
676 28 78
677 47 78
678 29 78
679 15 78
680 35 78
681 31 78
682 20 78
683 17 78
684 7 78
685 27 78
686 32 78
687 21 78
688 30 78
689 22 78
690 15 78
691 34 78
692 12 78
693 12 78
694 45 78
695 30 78
696 19 78
697 30 78
698 18 78
699 13 78
700 40 78
701 42 78
702 11 78
703 9 78
704 28 78
705 46 78
706 22 78
707 38 78
708 39 78
709 16 78
710 19 78
711 27 78
712 10 78
713 12 78
714 19 78
715 26 78
716 12 78
717 21 78
718 48 78
719 23 78
720 42 78
721 37 78
722 46 78
723 17 78
724 15 78
725 26 78
726 22 78
727 21 78
728 44 78
729 40 78
730 27 78
731 29 78
732 26 78
733 50 78
734 17 78
735 15 78
736 69 78
737 42 78
738 15 78
739 27 78
740 39 78
741 29 78
742 10 78
743 25 78
744 29 78
745 29 78
746 31 78
747 23 78
748 43 78
749 39 78
750 42 78
751 28 78
752 34 78
753 25 78
754 29 78
755 21 78
756 39 78
757 52 78
758 30 78
759 16 78
760 22 78
761 50 78
762 20 78
763 25 78
764 7 78
765 50 78
766 29 78
767 23 78
768 13 78
769 33 78
770 33 78
771 21 78
772 19 78
773 34 78
774 24 78
775 34 78
776 44 78
777 37 78
778 15 78
779 21 78
780 20 78
781 14 78
782 21 78
783 10 78
784 29 78
785 47 78
786 24 78
787 43 78
788 67 78
789 46 78
790 51 78
791 8 78
792 34 78
793 16 78
794 24 78
795 27 78
796 12 78
797 25 78
798 46 78
799 47 78
800 34 78
801 12 78
802 10 78
803 47 78
804 29 78
805 25 78
806 53 78
807 18 78
808 37 78
809 37 78
810 48 78
811 20 78
812 33 78
813 21 78
814 43 78
815 19 78
816 51 78
817 25 78
818 36 78
819 57 78
820 12 78
821 7 78
822 22 78
823 17 78
824 38 78
825 15 78
826 25 78
827 45 78
828 39 78
829 24 78
830 24 78
831 28 78
832 28 78
833 21 78
834 14 78
835 22 78
836 34 78
837 45 78
838 19 78
839 18 78
840 13 78
841 30 78
842 35 78
843 32 78
844 16 78
845 22 78
846 47 78
847 23 78
848 37 78
849 36 78
850 35 78
851 33 78
852 21 78
853 35 78
854 23 78
855 25 78
856 35 78
857 50 78
858 22 78
859 37 78
860 14 78
861 44 78
862 15 78
863 68 78
864 20 78
865 27 78
866 31 78
867 23 78
868 37 78
869 18 78
870 38 78
871 24 78
872 17 78
873 33 78
874 3 78
875 24 78
876 34 78
877 44 78
878 20 78
879 12 78
880 24 78
881 31 78
882 20 78
883 22 78
884 30 78
885 14 78
886 28 78
887 27 78
888 29 78
889 31 78
890 18 78
891 45 78
892 14 78
893 27 78
894 25 78
895 35 78
896 36 78
897 11 78
898 12 78
899 22 78
900 35 78
901 38 78
902 29 78
903 50 78
904 21 78
905 25 78
906 19 78
907 27 78
908 11 78
909 18 78
910 44 78
911 21 78
912 45 78
913 26 78
914 24 78
915 72 78
916 13 78
917 43 78
918 57 78
919 16 78
920 29 78
921 14 78
922 46 78
923 25 78
924 18 78
925 47 78
926 7 78
927 26 78
928 36 78
929 30 78
930 19 78
931 21 78
932 55 78
933 48 78
934 50 78
935 20 78
936 32 78
937 27 78
938 22 78
939 32 78
940 30 78
941 18 78
942 25 78
943 22 78
944 23 78
945 19 78
946 32 78
947 22 78
948 25 78
949 42 78
950 13 78
951 17 78
952 35 78
953 15 78
954 11 78
955 20 78
956 27 78
957 25 78
958 26 78
959 34 78
960 55 78
961 19 78
962 10 78
963 23 78
964 33 78
965 19 78
966 19 78
967 21 78
968 31 78
969 30 78
970 21 78
971 24 78
972 26 78
973 14 78
974 15 78
975 44 78
976 8 78
977 16 78
978 8 78
979 17 78
980 35 78
981 37 78
982 7 78
983 34 78
984 39 78
985 37 78
986 36 78
987 17 78
988 43 78
989 21 78
990 24 78
991 30 78
992 23 78
993 17 78
994 21 78
995 16 78
996 27 78
997 9 78
998 15 78
999 37 78
1000 10 78
1001 30 78
