1 0 0
2 0 0
3 0 0
4 0 0
5 0 0
6 0 0
7 0 0
8 1 1
9 1 1
10 1 1
11 1 1
12 0 1
13 0 1
14 0 1
15 1 1
16 0 1
17 0 1
18 1 1
19 0 1
20 0 1
21 0 1
22 0 1
23 0 1
24 0 1
25 0 1
26 0 1
27 0 1
28 1 1
29 0 1
30 0 1
31 0 1
32 1 1
33 1 1
34 0 1
35 0 1
36 0 1
37 0 1
38 0 1
39 0 1
40 0 1
41 1 1
42 2 2
43 1 2
44 0 2
45 3 3
46 0 3
47 3 3
48 0 3
49 0 3
50 1 3
51 0 3
52 1 3
53 1 3
54 0 3
55 0 3
56 0 3
57 0 3
58 1 3
59 0 3
60 1 3
61 0 3
62 0 3
63 0 3
64 1 3
65 0 3
66 0 3
67 0 3
68 0 3
69 0 3
70 0 3
71 2 3
72 1 3
73 4 4
74 1 4
75 1 4
76 3 4
77 1 4
78 0 4
79 2 4
80 0 4
81 0 4
82 0 4
83 0 4
84 2 4
85 0 4
86 1 4
87 0 4
88 0 4
89 0 4
90 0 4
91 0 4
92 0 4
93 11 11
94 2 11
95 0 11
96 1 11
97 0 11
98 0 11
99 0 11
100 0 11
101 0 11
102 6 11
103 5 11
104 2 11
105 1 11
106 4 11
107 0 11
108 6 11
109 3 11
110 8 11
111 1 11
112 16 16
113 9 16
114 1 16
115 3 16
116 16 16
117 19 19
118 11 19
119 16 19
120 7 19
121 29 29
122 0 29
123 14 29
124 0 29
125 0 29
126 7 29
127 2 29
128 14 29
129 25 29
130 11 29
131 8 29
132 5 29
133 0 29
134 6 29
135 0 29
136 6 29
137 16 29
138 12 29
139 0 29
140 1 29
141 1 29
142 1 29
143 0 29
144 0 29
145 13 29
146 18 29
147 28 29
148 26 29
149 39 39
150 50 50
151 17 50
152 27 50
153 11 50
154 14 50
155 13 50
156 32 50
157 6 50
158 10 50
159 15 50
160 0 50
161 13 50
162 15 50
163 33 50
164 14 50
165 18 50
166 13 50
167 10 50
168 0 50
169 10 50
170 9 50
171 7 50
172 11 50
173 8 50
174 12 50
175 19 50
176 8 50
177 3 50
178 17 50
179 8 50
180 20 50
181 22 50
182 9 50
183 33 50
184 12 50
185 18 50
186 23 50
187 19 50
188 16 50
189 31 50
190 33 50
191 27 50
192 30 50
193 14 50
194 9 50
195 28 50
196 35 50
197 29 50
198 19 50
199 36 50
200 46 50
201 11 50
202 25 50
203 19 50
204 12 50
205 44 50
206 14 50
207 59 59
208 15 59
209 14 59
210 32 59
211 24 59
212 42 59
213 32 59
214 19 59
215 15 59
216 27 59
217 31 59
218 22 59
219 19 59
220 66 66
221 30 66
222 40 66
223 14 66
224 19 66
225 18 66
226 35 66
227 14 66
228 15 66
229 32 66
230 22 66
231 46 66
232 24 66
233 21 66
234 15 66
235 29 66
236 5 66
237 19 66
238 9 66
239 16 66
240 48 66
241 15 66
242 11 66
243 17 66
244 43 66
245 59 66
246 12 66
247 30 66
248 9 66
249 26 66
250 36 66
251 41 66
252 18 66
253 16 66
254 39 66
255 65 66
256 25 66
257 12 66
258 29 66
259 45 66
260 27 66
261 45 66
262 32 66
263 17 66
264 18 66
265 20 66
266 35 66
267 12 66
268 43 66
269 22 66
270 15 66
271 16 66
272 19 66
273 46 66
274 23 66
275 35 66
276 15 66
277 21 66
278 25 66
279 47 66
280 44 66
281 57 66
282 12 66
283 9 66
284 17 66
285 18 66
286 36 66
287 33 66
288 19 66
289 24 66
290 11 66
291 10 66
292 9 66
293 10 66
294 25 66
295 30 66
296 35 66
297 13 66
298 22 66
299 9 66
300 21 66
301 31 66
