1 0 0
2 0 0
3 0 0
4 0 0
5 0 0
6 1 1
7 0 1
8 1 1
9 0 1
10 0 1
11 0 1
12 0 1
13 0 1
14 0 1
15 0 1
16 1 1
17 0 1
18 1 1
19 1 1
20 0 1
21 0 1
22 0 1
23 0 1
24 0 1
25 0 1
26 0 1
27 1 1
28 0 1
29 0 1
30 1 1
31 0 1
32 1 1
33 1 1
34 1 1
35 1 1
36 0 1
37 1 1
38 0 1
39 0 1
40 0 1
41 1 1
42 1 1
43 0 1
44 2 2
45 0 2
46 1 2
47 0 2
48 0 2
49 2 2
50 0 2
51 2 2
52 1 2
53 2 2
54 2 2
55 2 2
56 2 2
57 1 2
58 1 2
59 0 2
60 0 2
61 0 2
62 1 2
63 1 2
64 0 2
65 4 4
66 2 4
67 1 4
68 2 4
69 2 4
70 0 4
71 0 4
72 0 4
73 0 4
74 0 4
75 0 4
76 0 4
77 0 4
78 0 4
79 0 4
80 0 4
81 0 4
82 0 4
83 0 4
84 0 4
85 1 4
86 0 4
87 0 4
88 2 4
89 0 4
90 2 4
91 0 4
92 0 4
93 3 4
94 0 4
95 1 4
96 0 4
97 0 4
98 0 4
99 0 4
100 2 4
101 2 4
102 5 5
103 1 5
104 1 5
105 0 5
106 0 5
107 2 5
108 0 5
109 0 5
110 3 5
111 0 5
112 5 5
113 1 5
114 0 5
115 0 5
116 29 29
117 0 29
118 7 29
119 0 29
120 0 29
121 0 29
122 22 29
123 2 29
124 3 29
125 1 29
126 22 29
127 0 29
128 8 29
129 5 29
130 4 29
131 4 29
132 10 29
133 25 29
134 15 29
135 0 29
136 21 29
137 7 29
138 7 29
139 10 29
140 14 29
141 24 29
142 4 29
143 11 29
144 7 29
145 1 29
146 5 29
147 8 29
148 1 29
149 13 29
150 2 29
151 36 36
152 7 36
153 41 41
154 13 41
155 0 41
156 12 41
157 25 41
158 10 41
159 10 41
160 8 41
161 20 41
162 16 41
163 25 41
164 20 41
165 36 41
166 11 41
167 35 41
168 36 41
169 36 41
170 11 41
171 16 41
172 16 41
173 17 41
174 37 41
175 12 41
176 44 44
177 3 44
178 24 44
179 27 44
180 8 44
181 22 44
182 24 44
183 17 44
184 18 44
185 91 91
186 24 91
187 0 91
188 30 91
189 22 91
190 18 91
191 58 91
192 11 91
193 10 91
194 44 91
195 29 91
196 30 91
197 37 91
198 38 91
199 44 91
200 17 91
201 53 91
202 15 91
203 38 91
204 28 91
205 25 91
206 19 91
207 17 91
208 14 91
209 5 91
210 21 91
211 14 91
212 45 91
213 21 91
214 28 91
215 22 91
216 8 91
217 15 91
218 6 91
219 12 91
220 43 91
221 41 91
222 33 91
223 13 91
224 11 91
225 23 91
226 13 91
227 29 91
228 27 91
229 34 91
230 19 91
231 68 91
232 38 91
233 3 91
234 15 91
235 16 91
236 12 91
237 30 91
238 23 91
239 11 91
240 23 91
241 30 91
242 67 91
243 34 91
244 34 91
245 18 91
246 23 91
247 40 91
248 22 91
249 17 91
250 32 91
251 26 91
252 19 91
253 22 91
254 7 91
255 22 91
256 20 91
257 17 91
258 32 91
259 13 91
260 27 91
261 22 91
262 4 91
263 31 91
264 13 91
265 28 91
266 20 91
267 20 91
268 6 91
269 20 91
270 12 91
271 7 91
272 4 91
273 24 91
274 14 91
275 12 91
276 10 91
277 12 91
278 9 91
279 20 91
280 40 91
281 17 91
282 30 91
283 28 91
284 6 91
285 27 91
286 15 91
287 54 91
288 32 91
289 32 91
290 11 91
291 28 91
292 36 91
293 12 91
294 19 91
295 17 91
296 1 91
297 36 91
298 29 91
299 13 91
300 16 91
301 28 91
