1 0 0
2 0 0
3 0 0
4 0 0
5 0 0
6 0 0
7 2 2
8 0 2
9 0 2
10 0 2
11 0 2
12 0 2
13 1 2
14 0 2
15 1 2
16 0 2
17 1 2
18 0 2
19 0 2
20 0 2
21 0 2
22 2 2
23 0 2
24 0 2
25 0 2
26 1 2
27 0 2
28 0 2
29 0 2
30 0 2
31 1 2
32 0 2
33 0 2
34 1 2
35 0 2
36 1 2
37 0 2
38 0 2
39 1 2
40 1 2
41 1 2
42 0 2
43 0 2
44 0 2
45 2 2
46 0 2
47 1 2
48 1 2
49 2 2
50 1 2
51 0 2
52 1 2
53 1 2
54 0 2
55 0 2
56 1 2
57 1 2
58 1 2
59 0 2
60 2 2
61 1 2
62 1 2
63 0 2
64 0 2
65 1 2
66 3 3
67 0 3
68 0 3
69 2 3
70 2 3
71 0 3
72 0 3
73 1 3
74 2 3
75 0 3
76 0 3
77 4 4
78 0 4
79 0 4
80 0 4
81 0 4
82 3 4
83 1 4
84 4 4
85 5 5
86 1 5
87 0 5
88 2 5
89 1 5
90 0 5
91 0 5
92 1 5
93 2 5
94 0 5
95 0 5
96 0 5
97 1 5
98 0 5
99 1 5
100 0 5
101 0 5
102 0 5
103 0 5
104 0 5
105 0 5
106 2 5
107 0 5
108 0 5
109 0 5
110 4 5
111 1 5
112 0 5
113 23 23
114 1 23
115 0 23
116 0 23
117 0 23
118 0 23
119 0 23
120 1 23
121 0 23
122 4 23
123 14 23
124 6 23
125 0 23
126 0 23
127 2 23
128 0 23
129 1 23
130 1 23
131 2 23
132 3 23
133 8 23
134 1 23
135 0 23
136 12 23
137 0 23
138 19 23
139 0 23
140 13 23
141 0 23
142 10 23
143 0 23
144 22 23
145 20 23
146 15 23
147 28 28
148 17 28
149 9 28
150 15 28
151 0 28
152 0 28
153 17 28
154 1 28
155 6 28
156 5 28
157 14 28
158 9 28
159 5 28
160 23 28
161 14 28
162 7 28
163 7 28
164 23 28
165 20 28
166 25 28
167 17 28
168 14 28
169 30 30
170 9 30
171 1 30
172 2 30
173 11 30
174 2 30
175 0 30
176 22 30
177 24 30
178 17 30
179 14 30
180 17 30
181 19 30
182 21 30
183 0 30
184 36 36
185 21 36
186 5 36
187 0 36
188 15 36
189 17 36
190 35 36
191 19 36
192 44 44
193 11 44
194 21 44
195 58 58
196 18 58
197 12 58
198 0 58
199 11 58
200 49 58
201 62 62
202 49 62
203 28 62
204 10 62
205 41 62
206 14 62
207 3 62
208 6 62
209 17 62
210 18 62
211 26 62
212 32 62
213 11 62
214 7 62
215 36 62
216 32 62
217 14 62
218 15 62
219 27 62
220 52 62
221 19 62
222 20 62
223 59 62
224 61 62
225 35 62
226 8 62
227 21 62
228 16 62
229 2 62
230 8 62
231 18 62
232 15 62
233 9 62
234 0 62
235 9 62
236 21 62
237 26 62
238 58 62
239 22 62
240 36 62
241 41 62
242 14 62
243 17 62
244 29 62
245 9 62
246 8 62
247 10 62
248 13 62
249 27 62
250 25 62
251 13 62
252 13 62
253 8 62
254 34 62
255 39 62
256 10 62
257 19 62
258 14 62
259 37 62
260 19 62
261 17 62
262 44 62
263 17 62
264 28 62
265 26 62
266 20 62
267 17 62
268 11 62
269 16 62
270 18 62
271 25 62
272 29 62
273 11 62
274 14 62
275 29 62
276 6 62
277 15 62
278 17 62
279 26 62
280 37 62
281 31 62
282 13 62
283 27 62
284 41 62
285 37 62
286 21 62
287 14 62
288 23 62
289 39 62
290 38 62
291 40 62
292 25 62
293 29 62
294 26 62
295 39 62
296 21 62
297 24 62
298 10 62
299 18 62
300 24 62
301 18 62
302 7 62
303 17 62
304 23 62
305 19 62
306 35 62
307 27 62
308 15 62
309 10 62
310 14 62
311 26 62
312 19 62
313 8 62
314 9 62
315 7 62
316 18 62
317 19 62
318 20 62
319 26 62
320 35 62
321 19 62
322 42 62
323 33 62
324 26 62
325 38 62
326 32 62
327 12 62
328 32 62
329 9 62
330 12 62
331 6 62
332 35 62
333 25 62
334 34 62
335 20 62
336 30 62
337 14 62
338 25 62
339 27 62
340 25 62
341 44 62
342 16 62
343 7 62
344 55 62
345 20 62
346 28 62
347 20 62
348 17 62
349 37 62
350 21 62
351 35 62
352 19 62
353 16 62
354 42 62
355 49 62
356 24 62
357 16 62
358 18 62
359 20 62
360 19 62
361 13 62
362 29 62
363 21 62
364 9 62
365 29 62
366 27 62
367 70 70
368 25 70
369 16 70
370 33 70
371 20 70
372 24 70
373 49 70
374 54 70
375 56 70
376 61 70
377 34 70
378 53 70
379 59 70
380 27 70
381 48 70
382 55 70
383 16 70
384 36 70
385 19 70
386 14 70
387 46 70
388 45 70
389 20 70
390 44 70
391 38 70
392 28 70
393 16 70
394 22 70
395 27 70
396 33 70
397 32 70
398 18 70
399 23 70
400 34 70
401 27 70
402 37 70
403 28 70
404 29 70
405 17 70
406 17 70
407 26 70
408 18 70
409 17 70
410 13 70
411 19 70
412 9 70
413 22 70
414 18 70
415 13 70
416 21 70
417 27 70
418 20 70
419 27 70
420 46 70
421 25 70
422 19 70
423 26 70
424 22 70
425 31 70
426 22 70
427 33 70
428 13 70
429 31 70
430 26 70
431 37 70
432 13 70
433 36 70
434 23 70
435 21 70
436 24 70
437 14 70
438 17 70
439 33 70
440 27 70
441 29 70
442 25 70
443 24 70
444 34 70
445 16 70
446 25 70
447 40 70
448 34 70
449 29 70
450 32 70
451 11 70
452 14 70
453 34 70
454 22 70
455 17 70
456 13 70
457 58 70
458 13 70
459 30 70
460 56 70
461 23 70
462 19 70
463 19 70
464 19 70
465 27 70
466 32 70
467 34 70
468 44 70
469 57 70
470 24 70
471 14 70
472 12 70
473 73 73
474 33 73
475 23 73
476 9 73
477 7 73
478 23 73
479 15 73
480 26 73
481 28 73
482 15 73
483 2 73
484 3 73
485 36 73
486 24 73
487 33 73
488 36 73
489 20 73
490 53 73
491 5 73
492 11 73
493 26 73
494 8 73
495 11 73
496 26 73
497 17 73
498 17 73
499 15 73
500 30 73
501 20 73
502 34 73
503 9 73
504 19 73
505 27 73
506 34 73
507 30 73
508 36 73
509 9 73
510 44 73
511 15 73
512 38 73
513 9 73
514 35 73
515 20 73
516 34 73
517 19 73
518 11 73
519 26 73
520 23 73
521 18 73
522 25 73
523 18 73
524 23 73
525 4 73
526 46 73
527 41 73
528 34 73
529 42 73
530 13 73
531 37 73
532 12 73
533 30 73
534 18 73
535 18 73
536 15 73
537 45 73
538 30 73
539 15 73
540 30 73
541 20 73
542 17 73
543 13 73
544 12 73
545 25 73
546 20 73
547 30 73
548 21 73
549 45 73
550 14 73
551 20 73
552 17 73
553 42 73
554 16 73
555 17 73
556 28 73
557 14 73
558 23 73
559 53 73
560 27 73
561 37 73
562 11 73
563 12 73
564 48 73
565 24 73
566 30 73
567 43 73
568 42 73
569 33 73
570 20 73
571 41 73
572 31 73
573 51 73
574 51 73
575 15 73
576 21 73
577 29 73
578 12 73
579 12 73
580 36 73
581 38 73
582 41 73
583 2 73
584 21 73
585 19 73
586 28 73
587 37 73
588 6 73
589 29 73
590 55 73
591 62 73
592 22 73
593 34 73
594 63 73
595 19 73
596 12 73
597 7 73
598 0 73
599 14 73
600 49 73
601 20 73
602 16 73
603 63 73
604 13 73
605 21 73
606 34 73
607 8 73
608 16 73
609 13 73
610 35 73
611 9 73
612 32 73
613 41 73
614 28 73
615 35 73
616 60 73
617 13 73
618 33 73
619 19 73
620 30 73
621 11 73
622 39 73
623 11 73
624 39 73
625 39 73
626 56 73
627 43 73
628 29 73
629 41 73
630 32 73
631 25 73
632 35 73
633 68 73
634 35 73
635 14 73
636 28 73
637 14 73
638 32 73
639 43 73
640 43 73
641 18 73
642 52 73
643 19 73
644 25 73
645 37 73
646 26 73
647 13 73
648 14 73
649 46 73
650 48 73
651 10 73
652 21 73
653 18 73
654 57 73
655 25 73
656 32 73
657 18 73
658 25 73
659 34 73
660 36 73
661 8 73
662 13 73
663 20 73
664 20 73
665 19 73
666 53 73
667 15 73
668 21 73
669 26 73
670 7 73
671 16 73
672 15 73
673 30 73
674 27 73
675 15 73
676 88 88
677 31 88
678 9 88
679 9 88
680 51 88
681 5 88
682 27 88
683 26 88
684 27 88
685 28 88
686 32 88
687 62 88
688 25 88
689 29 88
690 18 88
691 23 88
692 8 88
693 47 88
694 22 88
695 17 88
696 35 88
697 31 88
698 28 88
699 15 88
700 17 88
701 3 88
702 10 88
703 28 88
704 42 88
705 29 88
706 44 88
707 26 88
708 41 88
709 12 88
710 35 88
711 35 88
712 15 88
713 29 88
714 30 88
715 23 88
716 43 88
717 30 88
718 34 88
719 21 88
720 35 88
721 33 88
722 40 88
723 9 88
724 15 88
725 53 88
726 40 88
727 21 88
728 23 88
729 35 88
730 13 88
731 15 88
732 24 88
733 37 88
734 41 88
735 39 88
736 25 88
737 30 88
738 46 88
739 19 88
740 27 88
741 29 88
742 16 88
743 17 88
744 53 88
745 60 88
746 33 88
747 6 88
748 13 88
749 29 88
750 16 88
751 34 88
752 28 88
753 31 88
754 19 88
755 39 88
756 36 88
757 54 88
758 13 88
759 16 88
760 34 88
761 33 88
762 27 88
763 30 88
764 17 88
765 22 88
766 31 88
767 39 88
768 10 88
769 12 88
770 24 88
771 10 88
772 16 88
773 28 88
774 18 88
775 39 88
776 51 88
777 12 88
778 25 88
779 24 88
780 30 88
781 32 88
782 31 88
783 21 88
784 35 88
785 7 88
786 5 88
787 30 88
788 46 88
789 25 88
790 12 88
791 26 88
792 22 88
793 50 88
794 21 88
795 24 88
796 39 88
797 10 88
798 28 88
799 29 88
800 17 88
801 13 88
802 18 88
803 23 88
804 17 88
805 10 88
806 6 88
807 23 88
808 29 88
809 47 88
810 56 88
811 48 88
812 31 88
813 43 88
814 25 88
815 33 88
816 45 88
817 45 88
818 34 88
819 69 88
820 8 88
821 47 88
822 24 88
823 25 88
824 18 88
825 27 88
826 15 88
827 15 88
828 14 88
829 30 88
830 24 88
831 9 88
832 5 88
833 29 88
834 38 88
835 25 88
836 7 88
837 23 88
838 31 88
839 21 88
840 15 88
841 26 88
842 4 88
843 15 88
844 19 88
845 31 88
846 46 88
847 27 88
848 12 88
849 28 88
850 16 88
851 12 88
852 35 88
853 25 88
854 18 88
855 32 88
856 30 88
857 19 88
858 17 88
859 10 88
860 6 88
861 21 88
862 19 88
863 13 88
864 18 88
865 16 88
866 17 88
867 13 88
868 23 88
869 29 88
870 17 88
871 31 88
872 19 88
873 18 88
874 30 88
875 29 88
876 5 88
877 17 88
878 24 88
879 21 88
880 20 88
881 32 88
882 31 88
883 36 88
884 24 88
885 45 88
886 24 88
887 19 88
888 24 88
889 23 88
890 24 88
891 20 88
892 34 88
893 14 88
894 7 88
895 30 88
896 18 88
897 16 88
898 28 88
899 21 88
900 30 88
901 19 88
902 39 88
903 4 88
904 15 88
905 16 88
906 23 88
907 31 88
908 21 88
909 18 88
910 8 88
911 36 88
912 32 88
913 24 88
914 31 88
915 5 88
916 44 88
917 18 88
918 41 88
919 15 88
920 55 88
921 37 88
922 38 88
923 55 88
924 14 88
925 10 88
926 20 88
927 31 88
928 24 88
929 40 88
930 6 88
931 18 88
932 32 88
933 28 88
934 28 88
935 13 88
936 37 88
937 38 88
938 28 88
939 60 88
940 20 88
941 15 88
942 25 88
943 20 88
944 12 88
945 6 88
946 52 88
947 36 88
948 12 88
949 26 88
950 27 88
951 31 88
952 29 88
953 16 88
954 11 88
955 32 88
956 8 88
957 21 88
958 8 88
959 14 88
960 11 88
961 32 88
962 12 88
963 8 88
964 14 88
965 22 88
966 10 88
967 6 88
968 14 88
969 16 88
970 18 88
971 29 88
972 21 88
973 33 88
974 15 88
975 35 88
976 22 88
977 16 88
978 12 88
979 23 88
980 40 88
981 20 88
982 33 88
983 20 88
984 20 88
985 33 88
986 37 88
987 30 88
988 11 88
989 22 88
990 22 88
991 11 88
992 34 88
993 21 88
994 25 88
995 8 88
996 4 88
997 18 88
998 31 88
999 22 88
1000 13 88
1001 10 88
