1 0 0
2 0 0
3 0 0
4 0 0
5 0 0
6 0 0
7 0 0
8 1 1
9 0 1
10 0 1
11 1 1
12 2 2
13 0 2
14 1 2
15 1 2
16 2 2
17 1 2
18 0 2
19 1 2
20 1 2
21 2 2
22 1 2
23 0 2
24 1 2
25 0 2
26 0 2
27 1 2
28 1 2
29 2 2
30 3 3
31 2 3
32 0 3
33 1 3
34 1 3
35 1 3
36 1 3
37 3 3
38 1 3
39 2 3
40 1 3
41 3 3
42 4 4
43 1 4
44 0 4
45 1 4
46 0 4
47 1 4
48 3 4
49 1 4
50 2 4
51 0 4
52 2 4
53 1 4
54 4 4
55 1 4
56 1 4
57 3 4
58 3 4
59 1 4
60 3 4
61 2 4
62 1 4
63 1 4
64 9 9
65 1 9
66 1 9
67 2 9
68 3 9
69 2 9
70 3 9
71 1 9
72 3 9
73 2 9
74 4 9
75 3 9
76 0 9
77 0 9
78 12 12
79 1 12
80 0 12
81 10 12
82 0 12
83 6 12
84 0 12
85 0 12
86 11 12
87 0 12
88 23 23
89 4 23
90 2 23
91 13 23
92 14 23
93 2 23
94 0 23
95 0 23
96 7 23
97 5 23
98 2 23
99 1 23
100 1 23
101 0 23
102 2 23
103 4 23
104 10 23
105 3 23
106 4 23
107 0 23
108 10 23
109 6 23
110 6 23
111 0 23
112 12 23
113 10 23
114 0 23
115 0 23
116 15 23
117 11 23
118 11 23
119 15 23
120 0 23
121 2 23
122 1 23
123 0 23
124 0 23
125 3 23
126 1 23
127 0 23
128 0 23
129 4 23
130 0 23
131 2 23
132 5 23
133 6 23
134 6 23
135 3 23
136 2 23
137 8 23
138 11 23
139 0 23
140 6 23
141 7 23
142 15 23
143 0 23
144 0 23
145 0 23
146 0 23
147 24 24
148 27 27
149 8 27
150 24 27
151 10 27
152 28 28
153 23 28
154 22 28
155 11 28
156 20 28
157 15 28
158 28 28
159 15 28
160 8 28
161 18 28
162 3 28
163 16 28
164 14 28
165 0 28
166 13 28
167 15 28
168 14 28
169 15 28
170 21 28
171 2 28
172 23 28
173 7 28
174 0 28
175 6 28
176 3 28
177 0 28
178 0 28
179 1 28
180 9 28
181 9 28
182 20 28
183 9 28
184 15 28
185 0 28
186 0 28
187 23 28
188 13 28
189 0 28
190 6 28
191 0 28
192 4 28
193 0 28
194 12 28
195 13 28
196 14 28
197 14 28
198 21 28
199 13 28
200 23 28
201 10 28
202 2 28
203 20 28
204 25 28
205 20 28
206 39 39
207 7 39
208 15 39
209 16 39
210 22 39
211 0 39
212 26 39
213 33 39
214 6 39
215 7 39
216 13 39
217 0 39
218 26 39
219 23 39
220 11 39
221 27 39
222 16 39
223 4 39
224 27 39
225 11 39
226 27 39
227 21 39
228 9 39
229 19 39
230 23 39
231 13 39
232 26 39
233 5 39
234 16 39
235 13 39
236 17 39
237 19 39
238 19 39
239 23 39
240 22 39
241 0 39
242 4 39
243 9 39
244 0 39
245 15 39
246 4 39
247 12 39
248 18 39
249 4 39
250 0 39
251 13 39
252 7 39
253 0 39
254 11 39
255 12 39
256 18 39
257 13 39
258 18 39
259 20 39
260 6 39
261 14 39
262 0 39
263 0 39
264 0 39
265 0 39
266 6 39
267 2 39
268 11 39
269 34 39
270 11 39
271 7 39
272 4 39
273 8 39
274 16 39
275 11 39
276 2 39
277 11 39
278 13 39
279 8 39
280 3 39
281 17 39
282 45 45
283 29 45
284 24 45
285 27 45
286 17 45
287 17 45
288 41 45
289 19 45
290 5 45
291 22 45
292 6 45
293 18 45
294 8 45
295 17 45
296 17 45
297 12 45
298 23 45
299 38 45
300 11 45
301 7 45
