1 0 0
2 0 0
3 0 0
4 0 0
5 0 0
6 0 0
7 0 0
8 0 0
9 0 0
10 0 0
11 0 0
12 0 0
13 0 0
14 0 0
15 0 0
16 0 0
17 0 0
18 0 0
19 0 0
20 0 0
21 0 0
22 0 0
23 0 0
24 0 0
25 0 0
26 0 0
27 0 0
28 0 0
29 0 0
30 0 0
31 0 0
32 1 1
33 0 1
34 0 1
35 0 1
36 0 1
37 0 1
38 0 1
39 0 1
40 0 1
41 1 1
42 0 1
43 1 1
44 0 1
45 0 1
46 3 3
47 0 3
48 0 3
49 0 3
50 0 3
51 0 3
52 0 3
53 0 3
54 0 3
55 0 3
56 0 3
57 0 3
58 1 3
59 0 3
60 0 3
61 0 3
62 0 3
63 0 3
64 0 3
65 0 3
66 0 3
67 0 3
68 0 3
69 0 3
70 0 3
71 0 3
72 0 3
73 0 3
74 1 3
75 0 3
76 0 3
77 2 3
78 0 3
79 0 3
80 0 3
81 1 3
82 2 3
83 1 3
84 0 3
85 3 3
86 1 3
87 0 3
88 0 3
89 0 3
90 2 3
91 1 3
92 0 3
93 0 3
94 0 3
95 0 3
96 1 3
97 0 3
98 0 3
99 0 3
100 2 3
101 0 3
102 0 3
103 0 3
104 0 3
105 5 5
106 2 5
107 0 5
108 1 5
109 9 9
110 3 9
111 2 9
112 0 9
113 1 9
114 2 9
115 9 9
116 1 9
117 0 9
118 7 9
119 4 9
120 16 16
121 13 16
122 6 16
123 17 17
124 8 17
125 6 17
126 7 17
127 1 17
128 0 17
129 7 17
130 21 21
131 5 21
132 13 21
133 19 21
134 0 21
135 0 21
136 0 21
137 2 21
138 3 21
139 0 21
140 1 21
141 2 21
142 9 21
143 5 21
144 12 21
145 0 21
146 7 21
147 3 21
148 4 21
149 0 21
150 20 21
151 30 30
152 23 30
153 23 30
154 25 30
155 0 30
156 6 30
157 3 30
158 8 30
159 5 30
160 4 30
161 26 30
162 13 30
163 27 30
164 32 32
165 20 32
166 0 32
167 17 32
168 8 32
169 39 39
170 43 43
171 20 43
172 28 43
173 2 43
174 1 43
175 12 43
176 18 43
177 30 43
178 26 43
179 37 43
180 7 43
181 20 43
182 25 43
183 23 43
184 2 43
185 58 58
186 16 58
187 50 58
188 25 58
189 32 58
190 25 58
191 10 58
192 8 58
193 32 58
194 17 58
195 16 58
196 11 58
197 60 60
198 29 60
199 24 60
200 11 60
201 41 60
202 12 60
203 1 60
204 18 60
205 29 60
206 5 60
207 19 60
208 20 60
209 31 60
210 14 60
211 9 60
212 14 60
213 25 60
214 22 60
215 34 60
216 27 60
217 2 60
218 43 60
219 48 60
220 39 60
221 20 60
222 75 75
223 31 75
224 18 75
225 22 75
226 36 75
227 49 75
228 15 75
229 35 75
230 8 75
231 10 75
232 71 75
233 23 75
234 23 75
235 21 75
236 13 75
237 29 75
238 20 75
239 26 75
240 18 75
241 20 75
242 44 75
243 84 84
244 27 84
245 16 84
246 36 84
247 39 84
248 25 84
249 35 84
250 21 84
251 16 84
252 14 84
253 29 84
254 22 84
255 42 84
256 37 84
257 40 84
258 30 84
259 33 84
260 29 84
261 30 84
262 23 84
263 9 84
264 33 84
265 39 84
266 20 84
267 34 84
268 16 84
269 9 84
270 40 84
271 38 84
272 20 84
273 37 84
274 54 84
275 17 84
276 43 84
277 32 84
278 33 84
279 42 84
280 28 84
281 58 84
282 32 84
283 50 84
284 25 84
285 15 84
286 22 84
287 21 84
288 23 84
289 54 84
290 18 84
291 44 84
292 26 84
293 17 84
294 19 84
295 63 84
296 36 84
297 36 84
298 22 84
299 10 84
300 24 84
301 39 84
