1 1 1
2 0 1
3 1 1
4 1 1
5 0 1
6 0 1
7 2 2
8 2 2
9 3 3
10 0 3
11 2 3
12 0 3
13 1 3
14 1 3
15 1 3
16 1 3
17 1 3
18 5 5
19 0 5
20 0 5
21 0 5
22 2 5
23 0 5
24 2 5
25 1 5
26 3 5
27 0 5
28 3 5
29 0 5
30 1 5
31 0 5
32 0 5
33 0 5
34 0 5
35 1 5
36 6 6
37 4 6
38 0 6
39 4 6
40 0 6
41 2 6
42 1 6
43 0 6
44 1 6
45 1 6
46 2 6
47 0 6
48 0 6
49 1 6
50 1 6
51 0 6
52 4 6
53 0 6
54 5 6
55 1 6
56 1 6
57 5 6
58 0 6
59 0 6
60 0 6
61 1 6
62 3 6
63 2 6
64 0 6
65 2 6
66 2 6
67 5 6
68 0 6
69 1 6
70 0 6
71 1 6
72 1 6
73 1 6
74 1 6
75 2 6
76 1 6
77 1 6
78 0 6
79 2 6
80 5 6
81 0 6
82 0 6
83 0 6
84 0 6
85 0 6
86 2 6
87 0 6
88 0 6
89 0 6
90 4 6
91 0 6
92 0 6
93 0 6
94 1 6
95 0 6
96 0 6
97 1 6
98 0 6
99 0 6
100 0 6
101 0 6
102 0 6
103 3 6
104 0 6
105 1 6
106 0 6
107 0 6
108 0 6
109 0 6
110 0 6
111 0 6
112 1 6
113 0 6
114 1 6
115 0 6
116 1 6
117 0 6
118 2 6
119 0 6
120 0 6
121 0 6
122 0 6
123 0 6
124 0 6
125 0 6
126 0 6
127 0 6
128 0 6
129 0 6
130 0 6
131 0 6
132 0 6
133 0 6
134 0 6
135 0 6
136 0 6
137 0 6
138 1 6
139 0 6
140 0 6
141 0 6
142 0 6
143 0 6
144 0 6
145 0 6
146 0 6
147 0 6
148 0 6
149 0 6
150 0 6
151 0 6
152 1 6
153 0 6
154 0 6
155 0 6
156 0 6
157 0 6
158 0 6
159 1 6
160 1 6
161 0 6
162 0 6
163 0 6
164 0 6
165 0 6
166 0 6
167 0 6
168 0 6
169 0 6
170 0 6
171 0 6
172 0 6
173 0 6
174 0 6
175 0 6
176 0 6
177 1 6
178 0 6
179 0 6
180 0 6
181 0 6
182 0 6
183 0 6
184 0 6
185 0 6
186 0 6
187 0 6
188 0 6
189 0 6
190 0 6
191 0 6
192 0 6
193 0 6
194 0 6
195 0 6
196 0 6
197 0 6
198 0 6
199 0 6
200 0 6
201 0 6
202 0 6
203 0 6
204 0 6
205 3 6
206 0 6
207 4 6
208 0 6
209 0 6
210 0 6
211 1 6
212 0 6
213 2 6
214 0 6
215 0 6
216 1 6
217 0 6
218 2 6
219 0 6
220 1 6
221 0 6
222 0 6
223 3 6
224 0 6
225 0 6
226 2 6
227 0 6
228 0 6
229 0 6
230 1 6
231 0 6
232 0 6
233 0 6
234 0 6
235 0 6
236 0 6
237 3 6
238 1 6
239 0 6
240 0 6
241 0 6
242 0 6
243 0 6
244 1 6
245 0 6
246 0 6
247 22 22
248 25 25
249 9 25
250 1 25
251 0 25
252 1 25
253 0 25
254 0 25
255 1 25
256 1 25
257 2 25
258 0 25
259 0 25
260 0 25
261 1 25
262 1 25
263 0 25
264 1 25
265 0 25
266 0 25
267 2 25
268 0 25
269 1 25
270 1 25
271 0 25
272 19 25
273 14 25
274 24 25
275 1 25
276 0 25
277 0 25
278 0 25
279 0 25
280 0 25
281 0 25
282 0 25
283 0 25
284 2 25
285 0 25
286 8 25
287 1 25
288 0 25
289 15 25
290 4 25
291 0 25
292 0 25
293 0 25
294 1 25
295 13 25
296 22 25
297 2 25
298 1 25
299 1 25
300 0 25
301 3 25
