1 0 0
2 0 0
3 1 1
4 1 1
5 1 1
6 0 1
7 1 1
8 0 1
9 3 3
10 2 3
11 0 3
12 1 3
13 0 3
14 0 3
15 0 3
16 0 3
17 1 3
18 1 3
19 2 3
20 2 3
21 0 3
22 0 3
23 1 3
24 1 3
25 0 3
26 0 3
27 2 3
28 0 3
29 0 3
30 0 3
31 2 3
32 0 3
33 3 3
34 1 3
35 0 3
36 1 3
37 1 3
38 0 3
39 2 3
40 0 3
41 0 3
42 0 3
43 0 3
44 0 3
45 1 3
46 0 3
47 1 3
48 0 3
49 1 3
50 1 3
51 1 3
52 1 3
53 1 3
54 0 3
55 0 3
56 0 3
57 1 3
58 0 3
59 0 3
60 0 3
61 0 3
62 0 3
63 0 3
64 1 3
65 1 3
66 0 3
67 0 3
68 0 3
69 0 3
70 1 3
71 0 3
72 0 3
73 1 3
74 0 3
75 1 3
76 1 3
77 1 3
78 1 3
79 0 3
80 1 3
81 0 3
82 0 3
83 1 3
84 2 3
85 1 3
86 1 3
87 0 3
88 0 3
89 0 3
90 0 3
91 0 3
92 0 3
93 0 3
94 1 3
95 0 3
96 0 3
97 0 3
98 0 3
99 0 3
100 0 3
101 0 3
102 0 3
103 0 3
104 0 3
105 0 3
106 0 3
107 0 3
108 0 3
109 0 3
110 0 3
111 0 3
112 0 3
113 0 3
114 0 3
115 0 3
116 1 3
117 1 3
118 4 4
119 2 4
120 0 4
121 0 4
122 0 4
123 0 4
124 0 4
125 0 4
126 0 4
127 3 4
128 0 4
129 0 4
130 0 4
131 0 4
132 0 4
133 0 4
134 0 4
135 0 4
136 1 4
137 0 4
138 0 4
139 0 4
140 0 4
141 0 4
142 0 4
143 4 4
144 5 5
145 0 5
146 0 5
147 6 6
148 1 6
149 7 7
150 1 7
151 4 7
152 0 7
153 0 7
154 12 12
155 42 42
156 19 42
157 24 42
158 22 42
159 1 42
160 5 42
161 4 42
162 36 42
163 2 42
164 3 42
165 8 42
166 35 42
167 18 42
168 18 42
169 0 42
170 43 43
171 11 43
172 23 43
173 0 43
174 0 43
175 1 43
176 16 43
177 5 43
178 1 43
179 45 45
180 20 45
181 0 45
182 1 45
183 2 45
184 17 45
185 19 45
186 1 45
187 8 45
188 21 45
189 10 45
190 19 45
191 29 45
192 1 45
193 12 45
194 12 45
195 10 45
196 23 45
197 24 45
198 6 45
199 12 45
200 34 45
201 10 45
202 1 45
203 31 45
204 19 45
205 39 45
206 12 45
207 30 45
208 26 45
209 33 45
210 34 45
211 15 45
212 16 45
213 25 45
214 14 45
215 48 48
216 32 48
217 27 48
218 29 48
219 47 48
220 13 48
221 38 48
222 28 48
223 17 48
224 32 48
225 25 48
226 20 48
227 6 48
228 31 48
229 20 48
230 27 48
231 29 48
232 10 48
233 12 48
234 31 48
235 37 48
236 29 48
237 13 48
238 5 48
239 17 48
240 36 48
241 14 48
242 16 48
243 32 48
244 22 48
245 50 50
246 12 50
247 16 50
248 33 50
249 23 50
250 37 50
251 16 50
252 33 50
253 30 50
254 14 50
255 32 50
256 22 50
257 34 50
258 24 50
259 48 50
260 37 50
261 27 50
262 26 50
263 23 50
264 9 50
265 14 50
266 24 50
267 17 50
268 12 50
269 17 50
270 2 50
271 18 50
272 22 50
273 39 50
274 42 50
275 65 65
276 4 65
277 22 65
278 33 65
279 25 65
280 6 65
281 0 65
282 17 65
283 9 65
284 1 65
285 21 65
286 34 65
287 26 65
288 10 65
289 33 65
290 6 65
291 12 65
292 20 65
293 24 65
294 30 65
295 26 65
296 14 65
297 13 65
298 2 65
299 26 65
300 13 65
301 27 65
