1 0 0
2 1 1
3 1 1
4 1 1
5 0 1
6 1 1
7 0 1
8 0 1
9 3 3
10 1 3
11 0 3
12 4 4
13 1 4
14 0 4
15 0 4
16 0 4
17 3 4
18 2 4
19 3 4
20 1 4
21 2 4
22 2 4
23 1 4
24 0 4
25 0 4
26 1 4
27 1 4
28 2 4
29 0 4
30 3 4
31 1 4
32 0 4
33 0 4
34 3 4
35 1 4
36 1 4
37 0 4
38 0 4
39 1 4
40 2 4
41 2 4
42 5 5
43 5 5
44 0 5
45 1 5
46 0 5
47 3 5
48 3 5
49 1 5
50 2 5
51 3 5
52 0 5
53 0 5
54 2 5
55 0 5
56 0 5
57 3 5
58 0 5
59 2 5
60 2 5
61 0 5
62 2 5
63 1 5
64 1 5
65 0 5
66 0 5
67 0 5
68 0 5
69 1 5
70 1 5
71 1 5
72 0 5
73 0 5
74 0 5
75 0 5
76 1 5
77 0 5
78 1 5
79 0 5
80 1 5
81 0 5
82 0 5
83 1 5
84 0 5
85 0 5
86 5 5
87 0 5
88 0 5
89 3 5
90 0 5
91 1 5
92 0 5
93 1 5
94 0 5
95 4 5
96 0 5
97 0 5
98 3 5
99 4 5
100 3 5
101 0 5
102 4 5
103 12 12
104 2 12
105 1 12
106 6 12
107 17 17
108 0 17
109 6 17
110 8 17
111 4 17
112 0 17
113 14 17
114 38 38
115 2 38
116 11 38
117 0 38
118 2 38
119 29 38
120 35 38
121 0 38
122 1 38
123 15 38
124 22 38
125 57 57
126 1 57
127 17 57
128 15 57
129 3 57
130 1 57
131 6 57
132 2 57
133 18 57
134 21 57
135 23 57
136 19 57
137 1 57
138 38 57
139 20 57
140 12 57
141 28 57
142 1 57
143 22 57
144 28 57
145 11 57
146 13 57
147 29 57
148 36 57
149 20 57
150 30 57
151 11 57
152 22 57
153 14 57
154 19 57
155 81 81
156 31 81
157 30 81
158 11 81
159 30 81
160 17 81
161 14 81
162 16 81
163 58 81
164 27 81
165 43 81
166 3 81
167 22 81
168 31 81
169 94 94
170 71 94
171 19 94
172 33 94
173 19 94
174 3 94
175 42 94
176 13 94
177 15 94
178 32 94
179 14 94
180 17 94
181 48 94
182 12 94
183 10 94
184 14 94
185 12 94
186 6 94
187 14 94
188 20 94
189 2 94
190 27 94
191 21 94
192 36 94
193 45 94
194 31 94
195 9 94
196 43 94
197 36 94
198 11 94
199 44 94
200 34 94
201 40 94
202 27 94
203 24 94
204 20 94
205 25 94
206 24 94
207 31 94
208 23 94
209 30 94
210 25 94
211 21 94
212 42 94
213 53 94
214 32 94
215 16 94
216 34 94
217 33 94
218 23 94
219 26 94
220 43 94
221 19 94
222 17 94
223 24 94
224 29 94
225 27 94
226 13 94
227 12 94
228 7 94
229 28 94
230 18 94
231 7 94
232 1 94
233 10 94
234 50 94
235 7 94
236 30 94
237 14 94
238 27 94
239 36 94
240 22 94
241 41 94
242 49 94
243 19 94
244 40 94
245 29 94
246 10 94
247 36 94
248 31 94
249 15 94
250 20 94
251 33 94
252 32 94
253 31 94
254 23 94
255 15 94
256 17 94
257 30 94
258 20 94
259 20 94
260 63 94
261 32 94
262 13 94
263 26 94
264 25 94
265 25 94
266 13 94
267 11 94
268 27 94
269 33 94
270 19 94
271 24 94
272 13 94
273 28 94
274 43 94
275 37 94
276 20 94
277 37 94
278 21 94
279 4 94
280 21 94
281 36 94
282 46 94
283 34 94
284 37 94
285 32 94
286 50 94
287 63 94
288 37 94
289 7 94
290 20 94
291 4 94
292 56 94
293 35 94
294 42 94
295 24 94
296 36 94
297 27 94
298 19 94
299 25 94
300 13 94
301 25 94
