1 1 1
2 1 1
3 0 1
4 1 1
5 2 2
6 1 2
7 1 2
8 4 4
9 1 4
10 0 4
11 1 4
12 0 4
13 0 4
14 2 4
15 1 4
16 0 4
17 2 4
18 1 4
19 1 4
20 1 4
1 0 0
2 0 0
3 0 0
4 1 1
5 0 1
6 0 1
7 1 1
8 0 1
9 0 1
10 1 1
11 0 1
12 0 1
13 0 1
14 0 1
15 0 1
16 0 1
17 1 1
18 0 1
19 1 1
20 0 1
21 0 1
22 0 1
23 2 2
24 0 2
25 0 2
26 0 2
27 0 2
28 0 2
29 0 2
30 0 2
31 2 2
32 0 2
33 0 2
34 2 2
35 0 2
36 0 2
37 0 2
38 1 2
39 0 2
40 1 2
41 0 2
42 2 2
43 0 2
44 1 2
45 1 2
46 1 2
47 1 2
48 1 2
49 0 2
50 0 2
51 0 2
52 1 2
53 2 2
54 0 2
55 0 2
56 1 2
57 0 2
58 1 2
59 0 2
60 2 2
61 0 2
62 2 2
63 1 2
64 0 2
65 0 2
66 1 2
67 2 2
68 0 2
69 4 4
70 4 4
71 2 4
72 0 4
73 1 4
74 2 4
75 1 4
76 0 4
77 1 4
78 0 4
79 1 4
80 0 4
81 5 5
82 0 5
83 5 5
84 4 5
85 0 5
86 0 5
87 2 5
88 0 5
89 1 5
90 0 5
91 2 5
92 2 5
93 0 5
94 1 5
95 1 5
96 0 5
97 11 11
98 10 11
99 7 11
100 11 11
101 0 11
102 0 11
103 1 11
104 2 11
105 1 11
106 1 11
107 0 11
108 2 11
109 0 11
110 0 11
111 0 11
112 1 11
113 1 11
114 1 11
115 14 14
116 2 14
117 1 14
118 0 14
119 4 14
120 3 14
121 12 14
122 12 14
123 2 14
124 1 14
125 0 14
126 0 14
127 26 26
128 5 26
129 11 26
130 2 26
131 11 26
132 0 26
133 0 26
134 16 26
135 11 26
136 7 26
137 12 26
138 0 26
139 19 26
140 19 26
141 42 42
142 77 77
143 13 77
144 13 77
145 8 77
146 27 77
147 21 77
148 5 77
149 4 77
150 10 77
151 19 77
152 10 77
153 17 77
154 16 77
155 44 77
156 27 77
157 16 77
158 22 77
159 41 77
160 21 77
161 36 77
162 25 77
163 28 77
164 31 77
165 33 77
166 31 77
167 23 77
168 29 77
169 44 77
170 65 77
171 10 77
172 18 77
173 35 77
174 33 77
175 26 77
176 15 77
177 22 77
178 22 77
179 15 77
180 10 77
181 29 77
182 34 77
183 14 77
184 36 77
185 37 77
186 32 77
187 47 77
188 20 77
189 26 77
190 29 77
191 10 77
192 66 77
193 19 77
194 28 77
195 14 77
196 36 77
197 47 77
198 34 77
199 18 77
200 56 77
201 31 77
202 24 77
203 13 77
204 10 77
205 23 77
206 22 77
207 34 77
208 32 77
209 10 77
210 29 77
211 9 77
212 18 77
213 25 77
214 33 77
215 20 77
216 45 77
217 14 77
218 24 77
219 28 77
220 20 77
221 21 77
222 27 77
223 22 77
224 27 77
225 21 77
226 23 77
227 14 77
228 18 77
229 23 77
230 27 77
231 17 77
232 19 77
233 20 77
234 17 77
235 19 77
236 31 77
237 10 77
238 41 77
239 11 77
240 24 77
241 29 77
242 42 77
243 21 77
244 41 77
245 14 77
246 22 77
247 17 77
248 21 77
249 10 77
250 28 77
251 9 77
252 39 77
253 16 77
254 28 77
255 34 77
256 15 77
257 18 77
258 22 77
259 23 77
260 41 77
261 68 77
262 45 77
263 41 77
264 13 77
265 14 77
266 44 77
267 23 77
268 18 77
269 0 77
270 4 77
271 15 77
272 58 77
273 7 77
274 35 77
275 99 99
276 22 99
277 49 99
278 25 99
279 34 99
280 54 99
281 24 99
282 32 99
283 35 99
284 23 99
285 33 99
286 36 99
287 40 99
288 33 99
289 30 99
290 20 99
291 29 99
292 18 99
293 23 99
294 27 99
295 15 99
296 65 99
297 37 99
298 20 99
299 31 99
300 27 99
301 15 99
302 11 99
303 31 99
304 41 99
305 27 99
306 25 99
307 32 99
308 43 99
309 22 99
310 16 99
311 13 99
312 29 99
313 17 99
314 36 99
315 45 99
316 21 99
317 17 99
318 14 99
319 16 99
320 10 99
321 17 99
322 38 99
323 38 99
324 23 99
325 16 99
326 30 99
327 31 99
328 41 99
329 45 99
330 32 99
331 29 99
332 14 99
333 58 99
334 30 99
335 30 99
336 68 99
337 47 99
338 47 99
339 15 99
340 28 99
341 19 99
342 21 99
343 23 99
344 49 99
345 35 99
346 18 99
347 48 99
348 34 99
349 14 99
350 7 99
351 12 99
352 12 99
353 34 99
354 56 99
355 14 99
356 20 99
357 25 99
358 46 99
359 24 99
360 29 99
361 11 99
362 25 99
363 14 99
364 27 99
365 25 99
366 40 99
367 30 99
368 29 99
369 34 99
370 20 99
371 54 99
372 36 99
373 44 99
374 11 99
375 24 99
376 11 99
377 23 99
378 17 99
379 22 99
380 44 99
381 18 99
382 39 99
383 15 99
384 36 99
385 18 99
386 14 99
387 21 99
388 15 99
389 34 99
390 16 99
391 41 99
392 7 99
393 21 99
394 19 99
395 42 99
396 64 99
397 23 99
398 16 99
399 21 99
400 45 99
401 36 99
402 29 99
403 12 99
404 45 99
405 66 99
406 5 99
407 20 99
408 11 99
409 28 99
410 21 99
411 23 99
412 6 99
413 11 99
414 13 99
415 20 99
416 18 99
417 22 99
418 24 99
419 34 99
420 54 99
421 28 99
422 27 99
423 21 99
424 52 99
425 56 99
426 36 99
427 41 99
428 12 99
429 30 99
430 26 99
431 30 99
432 49 99
433 18 99
434 19 99
435 50 99
436 34 99
437 29 99
438 42 99
439 41 99
440 11 99
441 35 99
442 33 99
443 23 99
444 24 99
445 23 99
446 34 99
447 36 99
448 19 99
449 21 99
450 31 99
451 32 99
452 20 99
453 31 99
454 35 99
455 43 99
456 15 99
457 32 99
458 50 99
459 66 99
460 60 99
461 32 99
462 7 99
463 15 99
464 21 99
465 55 99
466 38 99
467 41 99
468 14 99
469 16 99
470 29 99
471 12 99
472 27 99
473 20 99
474 32 99
475 12 99
476 20 99
477 21 99
478 40 99
479 3 99
480 25 99
481 19 99
482 24 99
483 20 99
484 10 99
485 42 99
486 14 99
487 28 99
488 23 99
489 52 99
490 24 99
491 48 99
492 46 99
493 51 99
494 27 99
495 25 99
496 17 99
497 32 99
498 29 99
499 48 99
500 11 99
501 32 99
502 13 99
503 35 99
504 20 99
505 17 99
506 26 99
507 3 99
508 16 99
509 19 99
510 34 99
511 27 99
512 14 99
513 19 99
514 14 99
515 38 99
516 14 99
517 45 99
518 34 99
519 36 99
520 15 99
521 27 99
522 10 99
523 21 99
524 17 99
525 24 99
526 55 99
527 31 99
528 36 99
529 32 99
