1 0 0
2 0 0
3 0 0
4 1 1
5 0 1
6 0 1
7 0 1
8 0 1
9 0 1
10 0 1
11 0 1
12 0 1
13 0 1
14 0 1
15 0 1
16 0 1
17 0 1
18 0 1
19 0 1
20 1 1
21 1 1
22 1 1
23 0 1
24 0 1
25 0 1
26 1 1
27 0 1
28 0 1
29 0 1
30 0 1
31 0 1
32 0 1
33 1 1
34 2 2
35 1 2
36 1 2
37 0 2
38 2 2
39 0 2
40 1 2
41 1 2
42 0 2
43 0 2
44 0 2
45 0 2
46 1 2
47 0 2
48 0 2
49 1 2
50 0 2
51 2 2
52 1 2
53 0 2
54 0 2
55 1 2
56 0 2
57 1 2
58 1 2
59 4 4
60 1 4
61 2 4
62 0 4
63 1 4
64 2 4
65 5 5
66 3 5
67 2 5
68 1 5
69 3 5
70 1 5
71 4 5
72 0 5
73 5 5
74 4 5
75 1 5
76 5 5
77 2 5
78 5 5
79 5 5
80 5 5
81 13 13
82 5 13
83 0 13
84 8 13
85 3 13
86 0 13
87 2 13
88 1 13
89 11 13
90 6 13
91 0 13
92 9 13
93 16 16
94 8 16
95 0 16
96 7 16
97 15 16
98 0 16
99 6 16
100 0 16
101 1 16
102 0 16
103 2 16
104 1 16
105 1 16
106 0 16
107 1 16
108 3 16
109 1 16
110 3 16
111 2 16
112 1 16
113 2 16
114 1 16
115 2 16
116 1 16
117 8 16
118 0 16
119 1 16
120 0 16
121 2 16
122 0 16
123 1 16
124 0 16
125 0 16
126 1 16
127 0 16
128 1 16
129 0 16
130 9 16
131 0 16
132 13 16
133 3 16
134 5 16
135 3 16
136 19 19
137 17 19
138 23 23
139 0 23
140 1 23
141 3 23
142 9 23
143 21 23
144 20 23
145 3 23
146 5 23
147 0 23
148 1 23
149 2 23
150 16 23
151 0 23
152 4 23
153 2 23
154 8 23
155 3 23
156 1 23
157 4 23
158 6 23
159 4 23
160 0 23
161 4 23
162 5 23
163 3 23
164 13 23
165 1 23
166 0 23
167 5 23
168 6 23
169 8 23
170 1 23
171 6 23
172 1 23
173 0 23
174 0 23
175 0 23
176 1 23
177 4 23
178 14 23
179 9 23
180 23 23
181 1 23
182 2 23
183 0 23
184 0 23
185 3 23
186 0 23
187 0 23
188 0 23
189 3 23
190 0 23
191 0 23
192 0 23
193 0 23
194 0 23
195 0 23
196 1 23
197 0 23
198 1 23
199 7 23
200 21 23
201 0 23
202 0 23
203 23 23
204 10 23
205 1 23
206 1 23
207 0 23
208 0 23
209 4 23
210 1 23
211 0 23
212 1 23
213 3 23
214 0 23
215 4 23
216 5 23
217 2 23
218 0 23
219 0 23
220 1 23
221 1 23
222 9 23
223 2 23
224 6 23
225 0 23
226 1 23
227 0 23
228 0 23
229 0 23
230 6 23
231 13 23
232 0 23
233 12 23
234 0 23
235 12 23
236 1 23
237 5 23
238 2 23
239 6 23
240 7 23
241 8 23
242 6 23
243 1 23
244 11 23
245 2 23
246 3 23
247 4 23
248 4 23
249 11 23
250 9 23
251 7 23
252 6 23
253 10 23
254 8 23
255 3 23
256 0 23
257 0 23
258 0 23
259 0 23
260 0 23
261 6 23
262 1 23
263 0 23
264 2 23
265 0 23
266 5 23
267 9 23
268 1 23
269 0 23
270 0 23
271 11 23
272 0 23
273 0 23
274 0 23
275 0 23
276 14 23
277 8 23
278 2 23
279 2 23
280 3 23
281 1 23
282 1 23
283 2 23
284 12 23
285 2 23
286 1 23
287 2 23
288 6 23
289 1 23
290 0 23
291 8 23
292 5 23
293 2 23
294 3 23
295 2 23
296 0 23
297 6 23
298 7 23
299 20 23
300 7 23
301 10 23
