1 1 1
2 0 1
3 0 1
4 0 1
5 0 1
6 1 1
7 0 1
8 0 1
9 0 1
10 0 1
11 0 1
12 1 1
13 0 1
14 0 1
15 0 1
16 1 1
17 0 1
18 0 1
19 1 1
20 0 1
21 0 1
22 0 1
23 0 1
24 1 1
25 0 1
26 0 1
27 0 1
28 0 1
29 0 1
30 0 1
31 0 1
32 0 1
33 0 1
34 0 1
35 1 1
36 1 1
37 0 1
38 1 1
39 0 1
40 1 1
41 0 1
42 1 1
43 0 1
44 0 1
45 0 1
46 0 1
47 0 1
48 0 1
49 0 1
50 2 2
51 0 2
52 0 2
53 0 2
54 2 2
55 1 2
56 2 2
57 0 2
58 0 2
59 0 2
60 1 2
61 0 2
62 1 2
63 0 2
64 1 2
65 0 2
66 0 2
67 2 2
68 1 2
69 0 2
70 0 2
71 0 2
72 0 2
73 1 2
74 0 2
75 1 2
76 1 2
77 1 2
78 1 2
79 0 2
80 0 2
81 0 2
82 0 2
83 0 2
84 0 2
85 0 2
86 0 2
87 0 2
88 0 2
89 0 2
90 1 2
91 3 3
92 1 3
93 0 3
94 0 3
95 3 3
96 0 3
97 1 3
98 0 3
99 0 3
100 0 3
101 0 3
102 2 3
103 0 3
104 0 3
105 0 3
106 0 3
107 0 3
108 0 3
109 0 3
110 0 3
111 0 3
112 1 3
113 0 3
114 4 4
115 0 4
116 0 4
117 1 4
118 2 4
119 0 4
120 0 4
121 0 4
122 0 4
123 1 4
124 0 4
125 0 4
126 0 4
127 0 4
128 4 4
129 1 4
130 1 4
131 0 4
132 0 4
133 0 4
134 0 4
135 1 4
136 0 4
137 0 4
138 0 4
139 2 4
140 0 4
141 1 4
142 3 4
143 0 4
144 0 4
145 1 4
146 0 4
147 0 4
148 0 4
149 0 4
150 0 4
151 0 4
152 0 4
153 2 4
154 0 4
155 0 4
156 0 4
157 12 12
158 0 12
159 0 12
160 0 12
161 0 12
162 0 12
163 10 12
164 2 12
165 14 14
166 18 18
167 8 18
168 1 18
169 0 18
170 1 18
171 1 18
172 0 18
173 5 18
174 1 18
175 7 18
176 0 18
177 0 18
178 2 18
179 1 18
180 0 18
181 4 18
182 0 18
183 2 18
184 12 18
185 12 18
186 29 29
187 26 29
188 24 29
189 1 29
190 20 29
191 8 29
192 3 29
193 14 29
194 8 29
195 10 29
196 9 29
197 6 29
198 1 29
199 9 29
200 23 29
201 25 29
202 3 29
203 0 29
204 0 29
205 0 29
206 0 29
207 10 29
208 14 29
209 1 29
210 7 29
211 9 29
212 16 29
213 6 29
214 2 29
215 0 29
216 16 29
217 0 29
218 6 29
219 9 29
220 2 29
221 3 29
222 0 29
223 3 29
224 23 29
225 25 29
226 28 29
227 1 29
228 6 29
229 23 29
230 13 29
231 6 29
232 9 29
233 5 29
234 5 29
235 2 29
236 7 29
237 10 29
238 18 29
239 17 29
240 20 29
241 28 29
242 32 32
243 35 35
244 17 35
245 17 35
246 13 35
247 28 35
248 14 35
249 22 35
250 8 35
251 46 46
252 18 46
253 27 46
254 8 46
255 17 46
256 7 46
257 34 46
258 38 46
259 27 46
260 70 70
261 14 70
262 14 70
263 28 70
264 21 70
265 42 70
266 16 70
267 18 70
268 18 70
269 40 70
270 35 70
271 12 70
272 18 70
273 36 70
274 18 70
275 24 70
276 27 70
277 9 70
278 25 70
279 25 70
280 34 70
281 17 70
282 44 70
283 19 70
284 59 70
285 41 70
286 17 70
287 32 70
288 47 70
289 16 70
290 32 70
291 32 70
292 9 70
293 18 70
294 18 70
295 25 70
296 19 70
297 17 70
298 48 70
299 63 70
300 12 70
301 41 70
1 0 0
2 0 0
3 0 0
4 0 0
5 0 0
6 0 0
7 0 0
8 0 0
9 0 0
10 0 0
11 0 0
12 0 0
13 0 0
14 1 1
15 0 1
16 0 1
17 0 1
18 1 1
19 0 1
20 3 3
21 0 3
22 0 3
23 1 3
24 0 3
25 0 3
26 0 3
27 1 3
28 0 3
29 2 3
30 0 3
31 1 3
32 0 3
33 1 3
34 1 3
35 0 3
36 2 3
37 2 3
38 0 3
39 1 3
40 0 3
41 1 3
42 1 3
43 1 3
44 1 3
45 3 3
46 2 3
47 0 3
48 1 3
49 2 3
50 1 3
51 1 3
52 1 3
53 0 3
54 1 3
55 0 3
56 1 3
57 0 3
58 2 3
59 0 3
60 1 3
61 0 3
62 1 3
63 0 3
64 0 3
65 0 3
66 1 3
67 1 3
68 0 3
69 2 3
70 0 3
71 5 5
72 2 5
73 1 5
74 1 5
75 0 5
76 0 5
77 3 5
78 1 5
79 9 9
80 1 9
81 1 9
82 0 9
83 2 9
84 0 9
85 3 9
86 0 9
87 0 9
88 0 9
89 0 9
90 2 9
91 0 9
92 0 9
93 1 9
94 0 9
95 1 9
96 0 9
97 3 9
98 0 9
99 0 9
100 6 9
101 0 9
102 0 9
103 2 9
104 10 10
105 16 16
106 0 16
107 1 16
108 1 16
109 2 16
110 4 16
111 0 16
112 5 16
113 11 16
114 0 16
115 0 16
116 1 16
117 13 16
118 12 16
119 1 16
120 0 16
121 48 48
122 3 48
123 7 48
124 0 48
125 2 48
126 3 48
127 5 48
128 9 48
129 0 48
130 0 48
131 1 48
132 32 48
133 5 48
134 1 48
135 31 48
136 10 48
137 0 48
138 9 48
139 1 48
140 1 48
141 17 48
142 4 48
143 9 48
144 26 48
145 9 48
146 16 48
147 5 48
148 0 48
149 3 48
150 11 48
151 31 48
152 12 48
153 6 48
154 25 48
155 12 48
156 9 48
157 6 48
158 27 48
159 15 48
160 12 48
161 25 48
162 21 48
163 14 48
164 11 48
165 8 48
166 17 48
167 23 48
168 14 48
169 9 48
170 14 48
171 3 48
172 35 48
173 28 48
174 24 48
175 11 48
176 13 48
177 34 48
178 29 48
179 24 48
180 25 48
181 39 48
182 16 48
183 16 48
184 20 48
185 24 48
186 9 48
187 13 48
188 33 48
189 17 48
190 13 48
191 36 48
192 25 48
193 27 48
194 18 48
195 36 48
196 26 48
197 12 48
198 29 48
199 39 48
200 51 51
201 29 51
202 48 51
203 35 51
204 32 51
205 15 51
206 9 51
207 25 51
208 41 51
209 1 51
210 16 51
211 37 51
212 12 51
213 5 51
214 12 51
215 16 51
216 20 51
217 3 51
218 7 51
219 5 51
220 23 51
221 25 51
222 29 51
223 23 51
224 6 51
225 18 51
226 42 51
227 18 51
228 7 51
229 17 51
230 16 51
231 38 51
232 24 51
233 35 51
234 36 51
235 13 51
236 12 51
237 43 51
238 17 51
239 27 51
240 5 51
241 33 51
242 22 51
243 27 51
244 27 51
245 17 51
246 16 51
247 21 51
248 33 51
249 31 51
250 21 51
251 13 51
252 15 51
253 31 51
254 36 51
255 51 51
256 24 51
257 31 51
258 18 51
259 15 51
260 30 51
261 23 51
262 34 51
263 35 51
264 22 51
265 30 51
266 34 51
267 15 51
268 59 59
269 28 59
270 61 61
271 13 61
272 31 61
273 3 61
274 13 61
275 16 61
276 37 61
277 22 61
278 33 61
279 42 61
280 22 61
281 17 61
282 19 61
283 27 61
284 37 61
285 18 61
286 21 61
287 24 61
288 21 61
289 62 62
290 50 62
291 16 62
292 23 62
293 20 62
294 59 62
295 12 62
296 47 62
297 29 62
298 15 62
299 19 62
300 25 62
301 31 62
