1 0 0
2 0 0
3 0 0
4 0 0
5 0 0
6 0 0
7 1 1
8 0 1
9 0 1
10 0 1
11 1 1
12 0 1
13 0 1
14 1 1
15 1 1
16 1 1
17 0 1
18 0 1
19 2 2
20 0 2
21 1 2
22 1 2
23 0 2
24 3 3
25 0 3
26 0 3
27 0 3
28 2 3
29 1 3
30 0 3
31 0 3
32 1 3
33 1 3
34 0 3
35 0 3
36 0 3
37 0 3
38 1 3
39 0 3
40 0 3
41 2 3
42 1 3
43 0 3
44 2 3
45 1 3
46 1 3
47 1 3
48 0 3
49 0 3
50 0 3
51 0 3
52 2 3
53 6 6
54 2 6
55 1 6
56 4 6
57 0 6
58 2 6
59 1 6
60 0 6
61 1 6
62 0 6
63 2 6
64 0 6
65 3 6
66 0 6
67 2 6
68 4 6
69 4 6
70 1 6
71 0 6
72 2 6
73 1 6
74 0 6
75 1 6
76 5 6
77 4 6
78 7 7
79 9 9
80 0 9
81 0 9
82 11 11
83 2 11
84 18 18
85 21 21
86 1 21
87 15 21
88 12 21
89 1 21
90 0 21
91 1 21
92 4 21
93 0 21
94 6 21
95 1 21
96 11 21
97 0 21
98 0 21
99 0 21
100 2 21
101 3 21
102 2 21
103 7 21
104 6 21
105 1 21
106 0 21
107 0 21
108 6 21
109 0 21
110 1 21
111 2 21
112 30 30
113 2 30
114 21 30
115 9 30
116 26 30
117 25 30
118 15 30
119 14 30
120 24 30
121 13 30
122 0 30
123 54 54
124 9 54
125 7 54
126 27 54
127 23 54
128 10 54
129 23 54
130 30 54
131 0 54
132 35 54
133 4 54
134 1 54
135 32 54
136 28 54
137 16 54
138 44 54
139 62 62
140 16 62
141 27 62
142 40 62
143 14 62
144 21 62
145 13 62
146 6 62
147 1 62
148 29 62
149 33 62
150 18 62
151 34 62
152 35 62
153 35 62
154 44 62
155 29 62
156 18 62
157 13 62
158 8 62
159 15 62
160 31 62
161 23 62
162 29 62
163 8 62
164 27 62
165 31 62
166 37 62
167 5 62
168 20 62
169 16 62
170 24 62
171 0 62
172 17 62
173 0 62
174 4 62
175 21 62
176 35 62
177 21 62
178 32 62
179 13 62
180 12 62
181 26 62
182 19 62
183 21 62
184 76 76
185 37 76
186 39 76
187 24 76
188 22 76
189 24 76
190 47 76
191 17 76
192 29 76
193 13 76
194 18 76
195 36 76
196 19 76
197 18 76
198 26 76
199 37 76
200 6 76
201 27 76
202 45 76
203 35 76
204 19 76
205 22 76
206 11 76
207 47 76
208 13 76
209 32 76
210 38 76
211 51 76
212 49 76
213 11 76
214 23 76
215 44 76
216 11 76
217 35 76
218 41 76
219 38 76
220 12 76
221 25 76
222 11 76
223 64 76
224 44 76
225 19 76
226 17 76
227 39 76
228 29 76
229 62 76
230 11 76
231 34 76
232 37 76
233 30 76
234 22 76
235 22 76
236 31 76
237 32 76
238 31 76
239 18 76
240 13 76
241 21 76
242 33 76
243 74 76
244 11 76
245 21 76
246 29 76
247 70 76
248 34 76
249 37 76
250 19 76
251 29 76
252 46 76
253 39 76
254 22 76
255 21 76
256 17 76
257 18 76
258 7 76
259 33 76
260 35 76
261 22 76
262 45 76
263 20 76
264 25 76
265 36 76
266 11 76
267 3 76
268 4 76
269 24 76
270 29 76
271 25 76
272 21 76
273 15 76
274 22 76
275 10 76
276 33 76
277 21 76
278 32 76
279 46 76
280 54 76
281 28 76
282 18 76
283 17 76
284 22 76
285 23 76
286 57 76
287 32 76
288 27 76
289 28 76
290 2 76
291 13 76
292 26 76
293 26 76
294 17 76
295 18 76
296 19 76
297 29 76
298 29 76
299 20 76
300 28 76
301 26 76
1 0 0
2 0 0
3 0 0
4 0 0
5 0 0
6 0 0
7 0 0
8 0 0
9 0 0
10 0 0
11 0 0
12 0 0
13 0 0
14 0 0
15 0 0
16 0 0
17 1 1
18 0 1
19 0 1
20 0 1
21 0 1
22 1 1
23 1 1
24 0 1
25 0 1
26 1 1
27 0 1
28 0 1
29 1 1
30 2 2
31 0 2
32 1 2
33 1 2
34 0 2
35 1 2
36 1 2
37 1 2
38 1 2
39 1 2
40 0 2
41 1 2
42 0 2
43 1 2
44 0 2
45 0 2
46 2 2
47 1 2
48 1 2
49 0 2
50 2 2
51 1 2
52 0 2
53 0 2
54 0 2
55 1 2
56 1 2
57 1 2
58 0 2
59 0 2
60 3 3
61 0 3
62 1 3
63 1 3
64 1 3
65 0 3
66 0 3
67 0 3
68 1 3
69 1 3
70 1 3
71 1 3
72 0 3
73 1 3
74 5 5
75 2 5
76 2 5
77 0 5
78 0 5
79 0 5
80 1 5
81 0 5
82 0 5
83 1 5
84 1 5
85 2 5
86 0 5
87 1 5
88 0 5
89 1 5
90 3 5
91 2 5
92 0 5
93 1 5
94 1 5
95 0 5
96 0 5
97 1 5
98 4 5
99 0 5
100 0 5
101 4 5
102 0 5
103 0 5
104 3 5
105 1 5
106 3 5
107 3 5
108 5 5
109 14 14
110 3 14
111 28 28
112 2 28
113 4 28
114 3 28
115 4 28
116 1 28
117 12 28
118 0 28
119 0 28
120 17 28
121 23 28
122 19 28
123 5 28
124 0 28
125 12 28
126 13 28
127 5 28
128 5 28
129 5 28
130 4 28
131 23 28
132 11 28
133 9 28
134 0 28
135 13 28
136 23 28
137 18 28
138 14 28
139 18 28
140 9 28
141 7 28
142 4 28
143 4 28
144 18 28
145 21 28
146 18 28
147 10 28
148 11 28
149 38 38
150 11 38
151 1 38
152 17 38
153 11 38
154 18 38
155 21 38
156 26 38
157 22 38
158 23 38
159 44 44
160 8 44
161 34 44
162 18 44
163 22 44
164 10 44
165 12 44
166 18 44
167 26 44
168 22 44
169 19 44
170 18 44
171 9 44
172 22 44
173 10 44
174 51 51
175 54 54
176 15 54
177 20 54
178 14 54
179 28 54
180 32 54
181 4 54
182 15 54
183 34 54
184 18 54
185 6 54
186 23 54
187 23 54
188 19 54
189 65 65
190 37 65
191 10 65
192 18 65
193 38 65
194 42 65
195 17 65
196 31 65
197 19 65
198 45 65
199 47 65
200 80 80
201 37 80
202 42 80
203 24 80
204 10 80
205 20 80
206 28 80
207 33 80
208 38 80
209 51 80
210 28 80
211 15 80
212 21 80
213 24 80
214 13 80
215 21 80
216 39 80
217 32 80
218 46 80
219 22 80
220 5 80
221 22 80
222 41 80
223 39 80
224 18 80
225 14 80
226 5 80
227 15 80
228 28 80
229 27 80
230 21 80
231 14 80
232 4 80
233 32 80
234 23 80
235 33 80
236 47 80
237 28 80
238 30 80
239 27 80
240 28 80
241 50 80
242 30 80
243 21 80
244 24 80
245 23 80
246 47 80
247 30 80
248 45 80
249 33 80
250 27 80
251 19 80
252 25 80
253 9 80
254 41 80
255 33 80
256 12 80
257 35 80
258 22 80
259 29 80
260 11 80
261 12 80
262 42 80
263 25 80
264 18 80
265 20 80
266 12 80
267 75 80
268 51 80
269 22 80
270 27 80
271 15 80
272 13 80
273 25 80
274 19 80
275 29 80
276 24 80
277 42 80
278 20 80
279 29 80
280 38 80
281 47 80
282 15 80
283 35 80
284 12 80
285 19 80
286 14 80
287 46 80
288 21 80
289 23 80
290 32 80
291 43 80
292 26 80
293 23 80
294 18 80
295 67 80
296 34 80
297 32 80
298 26 80
299 47 80
300 61 80
301 31 80
