1 0 0
2 0 0
3 0 0
4 0 0
5 0 0
6 0 0
7 0 0
8 0 0
9 0 0
10 0 0
11 0 0
12 0 0
13 0 0
14 0 0
15 0 0
16 0 0
17 0 0
18 0 0
19 0 0
20 0 0
21 0 0
22 0 0
23 0 0
24 0 0
25 0 0
26 0 0
27 0 0
28 0 0
29 0 0
30 0 0
31 0 0
32 0 0
33 0 0
34 0 0
35 0 0
36 0 0
37 0 0
38 0 0
39 0 0
40 0 0
41 0 0
42 0 0
43 0 0
44 0 0
45 0 0
46 0 0
47 0 0
48 0 0
49 0 0
50 0 0
51 0 0
52 0 0
53 0 0
54 0 0
1 0 0
2 0 0
3 0 0
4 0 0
5 0 0
6 0 0
7 0 0
8 0 0
9 2 2
10 0 2
11 0 2
12 0 2
13 0 2
14 0 2
15 0 2
16 0 2
17 1 2
18 1 2
19 1 2
20 1 2
21 2 2
22 0 2
23 1 2
24 1 2
25 1 2
26 0 2
27 0 2
28 0 2
29 0 2
30 0 2
31 1 2
32 0 2
33 1 2
34 2 2
35 0 2
36 2 2
37 3 3
38 0 3
39 0 3
40 1 3
41 0 3
42 1 3
43 0 3
44 2 3
45 1 3
46 1 3
47 2 3
48 1 3
49 0 3
50 3 3
51 0 3
52 1 3
53 1 3
54 0 3
55 1 3
56 0 3
57 3 3
58 0 3
59 0 3
60 2 3
61 0 3
62 0 3
63 0 3
64 1 3
65 1 3
66 1 3
67 0 3
68 1 3
69 1 3
70 0 3
71 1 3
72 0 3
73 3 3
74 3 3
75 1 3
76 1 3
77 1 3
78 1 3
79 2 3
80 1 3
81 0 3
82 0 3
83 13 13
84 1 13
85 0 13
86 4 13
87 3 13
88 0 13
89 4 13
90 2 13
91 0 13
92 1 13
93 17 17
94 7 17
95 3 17
96 6 17
97 19 19
98 0 19
99 0 19
100 4 19
101 0 19
102 2 19
103 0 19
104 0 19
105 0 19
106 1 19
107 10 19
108 1 19
109 0 19
110 0 19
111 12 19
112 1 19
113 2 19
114 4 19
115 6 19
116 17 19
117 5 19
118 1 19
119 0 19
120 9 19
121 4 19
122 4 19
123 0 19
124 2 19
125 2 19
126 1 19
127 7 19
128 0 19
129 75 75
130 1 75
131 8 75
132 0 75
133 4 75
134 10 75
135 1 75
136 0 75
137 8 75
138 51 75
139 3 75
140 4 75
141 2 75
142 1 75
143 7 75
144 30 75
145 11 75
146 2 75
147 28 75
148 0 75
149 0 75
150 12 75
151 11 75
152 4 75
153 17 75
154 10 75
155 3 75
156 0 75
157 3 75
158 6 75
159 2 75
160 0 75
161 17 75
162 11 75
163 14 75
164 40 75
165 19 75
166 35 75
167 22 75
168 2 75
169 19 75
170 7 75
171 5 75
172 17 75
173 10 75
174 22 75
175 58 75
176 38 75
177 36 75
178 20 75
179 24 75
180 7 75
181 27 75
182 39 75
183 30 75
184 27 75
185 45 75
186 19 75
187 41 75
188 10 75
189 13 75
190 32 75
191 9 75
192 29 75
193 8 75
194 29 75
195 35 75
196 16 75
197 40 75
198 29 75
199 30 75
200 49 75
201 21 75
202 21 75
203 40 75
204 9 75
205 31 75
206 15 75
207 18 75
208 4 75
209 31 75
210 11 75
211 22 75
212 17 75
213 46 75
214 23 75
215 22 75
216 40 75
217 30 75
218 14 75
219 16 75
220 25 75
221 17 75
222 34 75
223 46 75
224 19 75
225 4 75
226 10 75
227 46 75
228 17 75
229 27 75
230 28 75
231 29 75
232 29 75
233 43 75
234 35 75
235 43 75
236 19 75
237 12 75
238 7 75
239 12 75
240 23 75
241 23 75
242 12 75
243 21 75
244 24 75
245 10 75
246 23 75
247 23 75
248 26 75
249 20 75
250 29 75
251 13 75
252 40 75
253 10 75
254 16 75
255 51 75
256 21 75
257 17 75
258 5 75
259 13 75
260 1 75
261 46 75
262 35 75
263 38 75
264 23 75
265 6 75
266 21 75
267 8 75
268 25 75
269 59 75
270 42 75
271 29 75
272 15 75
273 21 75
274 18 75
275 48 75
276 25 75
277 15 75
278 36 75
279 57 75
280 25 75
281 1 75
282 19 75
283 20 75
284 25 75
285 27 75
286 51 75
287 26 75
288 30 75
289 19 75
290 25 75
291 8 75
292 31 75
293 12 75
294 56 75
295 42 75
296 28 75
297 32 75
298 89 89
299 34 89
300 41 89
301 40 89
302 38 89
303 33 89
304 18 89
305 25 89
306 52 89
307 44 89
308 27 89
309 60 89
310 0 89
311 18 89
312 9 89
313 21 89
314 14 89
315 31 89
316 14 89
317 17 89
318 22 89
319 26 89
320 31 89
321 20 89
322 39 89
323 24 89
324 7 89
325 55 89
326 43 89
327 10 89
328 52 89
329 36 89
330 53 89
331 24 89
332 22 89
333 18 89
334 13 89
335 23 89
336 5 89
337 13 89
338 48 89
339 24 89
340 1 89
341 38 89
342 12 89
343 20 89
344 32 89
345 21 89
346 49 89
347 27 89
348 20 89
349 30 89
350 12 89
351 34 89
