1 0 0
2 0 0
3 0 0
4 0 0
5 0 0
6 0 0
7 0 0
8 0 0
9 0 0
10 0 0
11 0 0
12 0 0
13 0 0
14 0 0
15 0 0
16 0 0
17 0 0
18 0 0
19 0 0
20 0 0
21 0 0
22 0 0
23 0 0
24 0 0
25 0 0
26 0 0
27 0 0
28 0 0
29 0 0
30 0 0
31 0 0
32 0 0
33 0 0
34 0 0
35 0 0
36 0 0
37 0 0
38 0 0
39 0 0
40 0 0
41 0 0
42 0 0
43 0 0
44 0 0
1 0 0
2 0 0
3 0 0
4 0 0
5 1 1
6 0 1
7 0 1
8 0 1
9 0 1
10 0 1
11 0 1
12 0 1
13 0 1
14 0 1
15 0 1
16 0 1
17 0 1
18 0 1
19 0 1
20 0 1
21 0 1
22 1 1
23 0 1
24 0 1
25 1 1
26 0 1
27 0 1
28 0 1
29 2 2
30 1 2
31 0 2
32 1 2
33 0 2
34 1 2
35 0 2
36 0 2
37 1 2
38 1 2
39 0 2
40 0 2
41 0 2
42 0 2
43 1 2
44 2 2
45 1 2
46 1 2
47 0 2
48 0 2
49 0 2
50 1 2
51 0 2
52 0 2
53 1 2
54 0 2
55 0 2
56 2 2
57 0 2
58 1 2
59 0 2
60 0 2
61 0 2
62 3 3
63 1 3
64 1 3
65 1 3
66 3 3
67 1 3
68 2 3
69 0 3
70 1 3
71 10 10
72 2 10
73 1 10
74 2 10
75 1 10
76 0 10
77 2 10
78 6 10
79 1 10
80 0 10
81 0 10
82 0 10
83 9 10
84 14 14
85 4 14
86 0 14
87 3 14
88 4 14
89 0 14
90 3 14
91 7 14
92 0 14
93 0 14
94 0 14
95 0 14
96 0 14
97 40 40
98 2 40
99 0 40
100 4 40
101 3 40
102 0 40
103 1 40
104 0 40
105 4 40
106 1 40
107 0 40
108 57 57
109 10 57
110 6 57
111 1 57
112 0 57
113 6 57
114 18 57
115 0 57
116 0 57
117 1 57
118 0 57
119 0 57
120 22 57
121 15 57
122 27 57
123 1 57
124 12 57
125 59 59
126 14 59
127 16 59
128 33 59
129 5 59
130 28 59
131 8 59
132 16 59
133 22 59
134 23 59
135 14 59
136 8 59
137 43 59
138 6 59
139 22 59
140 13 59
141 7 59
142 18 59
143 19 59
144 15 59
145 34 59
146 47 59
147 13 59
148 13 59
149 30 59
150 11 59
151 21 59
152 17 59
153 10 59
154 25 59
155 19 59
156 12 59
157 53 59
158 32 59
159 28 59
160 25 59
161 31 59
162 54 59
163 45 59
164 25 59
165 17 59
166 25 59
167 2 59
168 18 59
169 27 59
170 28 59
171 50 59
172 21 59
173 35 59
174 43 59
175 14 59
176 30 59
177 20 59
178 30 59
179 14 59
180 24 59
181 12 59
182 33 59
183 39 59
184 59 59
185 25 59
186 16 59
187 10 59
188 23 59
189 18 59
190 22 59
191 38 59
192 23 59
193 32 59
194 36 59
195 26 59
196 11 59
197 24 59
198 35 59
199 37 59
200 19 59
201 16 59
202 9 59
203 15 59
204 58 59
205 41 59
206 40 59
207 31 59
208 25 59
209 39 59
210 27 59
211 21 59
212 23 59
213 50 59
214 23 59
215 14 59
216 20 59
217 13 59
218 30 59
219 51 59
220 34 59
221 69 69
222 53 69
223 19 69
224 23 69
225 3 69
226 45 69
227 37 69
228 19 69
229 90 90
230 19 90
231 29 90
232 13 90
233 20 90
234 57 90
235 45 90
236 13 90
237 26 90
238 39 90
239 8 90
240 11 90
241 17 90
242 18 90
243 16 90
244 33 90
245 47 90
246 18 90
247 23 90
248 12 90
249 10 90
250 29 90
251 28 90
252 51 90
253 16 90
254 41 90
255 28 90
256 37 90
257 48 90
258 23 90
259 46 90
260 24 90
261 48 90
262 28 90
263 8 90
264 27 90
265 12 90
266 15 90
267 24 90
268 11 90
269 17 90
270 29 90
271 41 90
272 36 90
273 30 90
274 75 90
275 29 90
276 23 90
277 41 90
278 18 90
279 35 90
280 17 90
281 33 90
282 22 90
283 32 90
284 35 90
285 33 90
286 25 90
287 11 90
288 28 90
289 27 90
290 18 90
291 12 90
292 30 90
293 19 90
294 14 90
295 7 90
296 24 90
297 27 90
298 13 90
299 7 90
300 19 90
301 50 90
302 32 90
303 31 90
304 20 90
305 22 90
306 9 90
307 28 90
308 15 90
309 26 90
310 18 90
311 43 90
312 14 90
313 44 90
314 14 90
315 31 90
316 10 90
317 63 90
318 29 90
319 39 90
320 16 90
321 9 90
322 42 90
323 50 90
324 5 90
325 27 90
326 35 90
327 17 90
328 49 90
329 17 90
330 11 90
331 12 90
332 6 90
333 40 90
334 17 90
335 24 90
336 20 90
