1 0 0
2 0 0
3 0 0
4 0 0
5 0 0
6 0 0
7 0 0
8 0 0
9 0 0
10 0 0
11 0 0
12 0 0
13 0 0
14 0 0
15 0 0
16 0 0
17 0 0
18 0 0
19 0 0
20 0 0
21 0 0
22 0 0
23 0 0
24 0 0
25 0 0
26 0 0
27 0 0
28 0 0
29 0 0
30 0 0
31 0 0
32 0 0
33 0 0
34 0 0
35 0 0
36 0 0
37 0 0
38 0 0
39 0 0
1 0 0
2 0 0
3 0 0
4 0 0
5 0 0
6 0 0
7 0 0
8 0 0
9 1 1
10 0 1
11 0 1
12 0 1
13 0 1
14 0 1
15 0 1
16 0 1
17 1 1
18 0 1
19 1 1
20 0 1
21 0 1
22 1 1
23 0 1
24 0 1
25 0 1
26 0 1
27 0 1
28 1 1
29 2 2
30 3 3
31 2 3
32 1 3
33 0 3
34 1 3
35 0 3
36 0 3
37 1 3
38 0 3
39 0 3
40 1 3
41 1 3
42 0 3
43 2 3
44 1 3
45 2 3
46 2 3
47 1 3
48 2 3
49 0 3
50 0 3
51 0 3
52 1 3
53 2 3
54 0 3
55 0 3
56 1 3
57 0 3
58 7 7
59 0 7
60 1 7
61 0 7
62 0 7
63 1 7
64 0 7
65 1 7
66 3 7
67 0 7
68 1 7
69 2 7
70 2 7
71 2 7
72 1 7
73 0 7
74 0 7
75 0 7
76 0 7
77 0 7
78 0 7
79 1 7
80 3 7
81 2 7
82 1 7
83 4 7
84 13 13
85 2 13
86 0 13
87 14 14
88 4 14
89 3 14
90 11 14
91 3 14
92 4 14
93 22 22
94 3 22
95 5 22
96 0 22
97 0 22
98 2 22
99 0 22
100 0 22
101 6 22
102 0 22
103 5 22
104 14 22
105 33 33
106 11 33
107 12 33
108 18 33
109 1 33
110 0 33
111 0 33
112 9 33
113 16 33
114 18 33
115 23 33
116 1 33
117 59 59
118 18 59
119 8 59
120 0 59
121 23 59
122 0 59
123 0 59
124 21 59
125 18 59
126 33 59
127 23 59
128 42 59
129 22 59
130 23 59
131 5 59
132 22 59
133 1 59
134 2 59
135 50 59
136 28 59
137 27 59
138 7 59
139 21 59
140 13 59
141 18 59
142 10 59
143 11 59
144 1 59
145 25 59
146 9 59
147 13 59
148 17 59
149 25 59
150 13 59
151 24 59
152 37 59
153 21 59
154 17 59
155 19 59
156 10 59
157 40 59
158 38 59
159 8 59
160 6 59
161 5 59
162 12 59
163 36 59
164 54 59
165 1 59
166 9 59
167 11 59
168 1 59
169 13 59
170 16 59
171 13 59
172 28 59
173 29 59
174 32 59
175 17 59
176 9 59
177 11 59
178 29 59
179 13 59
180 16 59
181 12 59
182 0 59
183 30 59
184 23 59
185 27 59
186 69 69
187 16 69
188 14 69
189 33 69
190 32 69
191 20 69
192 29 69
193 65 69
194 21 69
195 32 69
196 15 69
197 17 69
198 35 69
199 20 69
200 26 69
201 17 69
202 33 69
203 26 69
204 32 69
205 22 69
206 30 69
207 23 69
208 29 69
209 24 69
210 29 69
211 36 69
212 33 69
213 26 69
214 18 69
215 26 69
216 15 69
217 64 69
218 19 69
219 20 69
220 39 69
221 26 69
222 33 69
223 9 69
224 31 69
225 19 69
226 23 69
227 44 69
228 5 69
229 16 69
230 28 69
231 56 69
232 35 69
233 25 69
234 23 69
235 36 69
236 16 69
237 34 69
238 15 69
239 33 69
240 15 69
241 12 69
242 33 69
243 33 69
244 31 69
245 18 69
246 14 69
247 1 69
248 5 69
249 9 69
250 16 69
251 18 69
252 39 69
253 18 69
254 21 69
255 16 69
256 8 69
257 15 69
258 27 69
259 41 69
260 17 69
261 38 69
262 23 69
263 50 69
264 22 69
265 40 69
266 14 69
267 28 69
268 72 72
269 9 72
270 22 72
271 4 72
272 26 72
273 10 72
274 11 72
275 24 72
276 41 72
277 37 72
278 11 72
279 19 72
280 30 72
281 32 72
282 32 72
283 31 72
284 18 72
285 32 72
286 17 72
287 36 72
288 27 72
289 17 72
290 40 72
291 36 72
292 12 72
293 23 72
294 1 72
295 38 72
296 24 72
297 10 72
298 24 72
299 17 72
300 26 72
301 28 72
302 11 72
303 56 72
304 15 72
305 13 72
306 27 72
307 18 72
308 12 72
309 33 72
310 72 72
311 18 72
312 28 72
313 21 72
314 19 72
315 25 72
316 6 72
317 38 72
