1 0 0
2 0 0
3 0 0
4 0 0
5 0 0
6 0 0
7 0 0
8 0 0
9 0 0
10 0 0
11 0 0
12 1 1
13 1 1
14 0 1
15 0 1
16 0 1
17 0 1
18 0 1
19 1 1
20 0 1
21 0 1
22 1 1
23 0 1
24 0 1
25 1 1
26 1 1
27 0 1
28 0 1
29 1 1
30 1 1
31 1 1
32 0 1
33 1 1
34 1 1
35 2 2
36 0 2
37 1 2
38 1 2
39 0 2
40 0 2
41 0 2
42 0 2
43 3 3
44 1 3
45 0 3
46 1 3
47 2 3
48 1 3
49 0 3
50 0 3
51 0 3
52 0 3
53 0 3
54 0 3
55 0 3
56 0 3
57 0 3
58 0 3
59 0 3
60 1 3
61 0 3
62 1 3
63 0 3
64 1 3
65 0 3
66 0 3
67 0 3
68 0 3
69 0 3
70 0 3
71 2 3
72 0 3
73 2 3
74 7 7
75 0 7
76 3 7
77 4 7
78 0 7
79 0 7
80 0 7
81 0 7
82 3 7
83 1 7
84 5 7
85 8 8
86 11 11
87 0 11
88 0 11
89 7 11
90 5 11
91 0 11
92 5 11
93 0 11
94 2 11
95 1 11
96 2 11
97 1 11
98 1 11
99 1 11
100 8 11
101 4 11
102 4 11
103 0 11
104 6 11
105 0 11
106 3 11
107 1 11
108 0 11
109 1 11
110 7 11
111 0 11
112 3 11
113 0 11
114 1 11
115 2 11
116 1 11
117 0 11
118 0 11
119 5 11
120 6 11
121 0 11
122 0 11
123 10 11
124 1 11
125 15 15
126 0 15
127 0 15
128 0 15
129 16 16
130 6 16
131 16 16
132 7 16
133 9 16
134 15 16
135 15 16
136 7 16
137 11 16
138 9 16
139 0 16
140 37 37
141 0 37
142 7 37
143 29 37
144 0 37
145 5 37
146 27 37
147 22 37
148 2 37
149 17 37
150 18 37
151 21 37
152 29 37
153 24 37
154 24 37
155 18 37
156 18 37
157 12 37
158 6 37
159 24 37
160 18 37
161 24 37
162 40 40
163 16 40
164 18 40
165 12 40
166 65 65
167 1 65
168 33 65
169 11 65
170 18 65
171 36 65
172 27 65
173 27 65
174 19 65
175 18 65
176 11 65
177 29 65
178 26 65
179 16 65
180 51 65
181 5 65
182 14 65
183 16 65
184 58 65
185 33 65
186 27 65
187 14 65
188 23 65
189 11 65
190 0 65
191 2 65
192 20 65
193 41 65
194 16 65
195 17 65
196 16 65
197 29 65
198 13 65
199 31 65
200 48 65
201 32 65
202 22 65
203 12 65
204 9 65
205 28 65
206 22 65
207 34 65
208 11 65
209 54 65
210 31 65
211 9 65
212 11 65
213 11 65
214 34 65
215 4 65
216 65 65
217 18 65
218 22 65
219 14 65
220 19 65
221 34 65
222 13 65
223 25 65
224 62 65
225 23 65
226 21 65
227 56 65
228 23 65
229 3 65
230 0 65
231 17 65
232 19 65
233 29 65
234 24 65
235 28 65
236 40 65
237 48 65
238 25 65
239 15 65
240 12 65
241 28 65
242 19 65
243 20 65
244 39 65
245 20 65
246 21 65
247 6 65
248 20 65
249 20 65
250 22 65
251 32 65
252 78 78
253 45 78
254 13 78
255 26 78
256 20 78
257 42 78
258 30 78
259 32 78
260 43 78
261 20 78
262 23 78
263 28 78
264 26 78
265 14 78
266 22 78
267 22 78
268 31 78
269 51 78
270 18 78
271 28 78
272 15 78
273 25 78
274 29 78
275 31 78
276 57 78
277 21 78
278 6 78
279 33 78
280 14 78
281 35 78
282 23 78
283 36 78
284 20 78
285 41 78
286 27 78
287 65 78
288 12 78
289 11 78
290 14 78
291 1 78
292 40 78
293 15 78
294 23 78
295 48 78
296 20 78
297 41 78
298 35 78
299 17 78
300 25 78
301 54 78
1 0 0
2 0 0
3 0 0
4 0 0
5 0 0
6 1 1
7 0 1
8 0 1
9 0 1
10 1 1
11 0 1
12 0 1
13 0 1
14 1 1
15 0 1
16 0 1
17 0 1
18 0 1
19 1 1
20 0 1
21 2 2
22 0 2
23 1 2
24 0 2
25 2 2
26 0 2
27 0 2
28 0 2
29 2 2
30 0 2
31 0 2
32 0 2
33 2 2
34 0 2
35 0 2
36 0 2
37 1 2
38 1 2
39 1 2
40 3 3
41 1 3
42 0 3
43 0 3
44 0 3
45 0 3
46 3 3
47 2 3
48 2 3
49 0 3
50 0 3
51 2 3
52 2 3
53 1 3
54 2 3
55 1 3
56 1 3
57 1 3
58 1 3
59 1 3
60 0 3
61 4 4
62 0 4
63 0 4
64 0 4
65 0 4
66 0 4
67 0 4
68 2 4
69 0 4
70 4 4
71 2 4
72 1 4
73 3 4
74 0 4
75 0 4
76 1 4
77 0 4
78 0 4
79 1 4
80 0 4
81 0 4
82 0 4
83 0 4
84 0 4
85 0 4
86 0 4
87 0 4
88 8 8
89 1 8
90 1 8
91 0 8
92 0 8
93 1 8
94 0 8
95 3 8
96 6 8
97 0 8
98 0 8
99 4 8
100 3 8
101 0 8
102 0 8
103 1 8
104 1 8
105 2 8
106 0 8
107 0 8
108 0 8
109 3 8
110 0 8
111 0 8
112 0 8
113 1 8
114 0 8
115 4 8
116 0 8
117 0 8
118 1 8
119 3 8
120 0 8
121 1 8
122 0 8
123 0 8
124 1 8
125 0 8
126 0 8
127 1 8
128 0 8
129 0 8
130 0 8
131 0 8
132 0 8
133 0 8
134 0 8
135 0 8
136 0 8
137 1 8
138 1 8
139 0 8
140 3 8
141 0 8
142 0 8
143 0 8
144 0 8
145 0 8
146 0 8
147 4 8
148 2 8
149 0 8
150 1 8
151 0 8
152 0 8
153 12 12
154 1 12
155 0 12
156 0 12
157 0 12
158 0 12
159 0 12
160 0 12
161 0 12
162 0 12
163 0 12
164 25 25
165 21 25
166 15 25
167 24 25
168 1 25
169 0 25
170 18 25
171 0 25
172 8 25
173 3 25
174 3 25
175 3 25
176 1 25
177 0 25
178 0 25
179 1 25
180 0 25
181 3 25
182 5 25
183 6 25
184 1 25
185 9 25
186 0 25
187 6 25
188 0 25
189 0 25
190 7 25
191 8 25
192 2 25
193 5 25
194 10 25
195 7 25
196 4 25
197 0 25
198 37 37
199 22 37
200 8 37
201 4 37
202 12 37
203 24 37
204 26 37
205 0 37
206 1 37
207 11 37
208 12 37
209 1 37
210 11 37
211 23 37
212 0 37
213 3 37
214 16 37
215 2 37
216 28 37
217 33 37
218 2 37
219 12 37
220 16 37
221 9 37
222 13 37
223 16 37
224 21 37
225 12 37
226 4 37
227 1 37
228 8 37
229 3 37
230 21 37
231 15 37
232 19 37
233 16 37
234 18 37
235 23 37
236 29 37
237 19 37
238 15 37
239 29 37
240 23 37
241 32 37
242 7 37
243 28 37
244 31 37
245 43 43
246 55 55
247 13 55
248 20 55
249 16 55
250 9 55
251 13 55
252 26 55
253 17 55
254 7 55
255 25 55
256 17 55
257 14 55
258 18 55
259 21 55
260 29 55
261 18 55
262 8 55
263 21 55
264 25 55
265 18 55
266 3 55
267 42 55
268 16 55
269 32 55
270 29 55
271 15 55
272 10 55
273 43 55
274 10 55
275 21 55
276 28 55
277 16 55
278 12 55
279 12 55
280 22 55
281 1 55
282 12 55
283 16 55
284 13 55
285 31 55
286 19 55
287 5 55
288 16 55
289 22 55
290 29 55
291 47 55
292 32 55
293 23 55
294 35 55
295 24 55
296 36 55
297 45 55
298 1 55
299 21 55
300 31 55
301 27 55
