1 0 0
2 0 0
3 2 2
4 0 2
5 0 2
6 0 2
7 0 2
8 0 2
9 0 2
10 0 2
11 0 2
12 0 2
13 0 2
14 1 2
15 0 2
16 0 2
17 0 2
18 0 2
19 0 2
20 1 2
21 0 2
22 0 2
23 0 2
24 0 2
25 1 2
26 0 2
27 0 2
28 0 2
29 0 2
30 0 2
31 0 2
32 0 2
33 1 2
34 0 2
35 0 2
36 1 2
37 0 2
38 0 2
39 0 2
40 0 2
41 0 2
42 0 2
43 0 2
44 0 2
45 0 2
46 0 2
47 0 2
48 1 2
49 0 2
50 0 2
51 0 2
52 1 2
53 0 2
54 0 2
55 0 2
56 0 2
57 0 2
58 0 2
59 0 2
60 0 2
61 0 2
62 0 2
63 0 2
64 1 2
65 0 2
66 0 2
67 0 2
68 0 2
69 0 2
70 0 2
71 0 2
72 0 2
73 0 2
74 0 2
75 1 2
76 0 2
77 0 2
78 0 2
79 0 2
80 0 2
81 1 2
82 0 2
83 0 2
84 1 2
85 0 2
86 0 2
87 0 2
88 0 2
89 0 2
90 0 2
91 1 2
92 0 2
93 0 2
94 0 2
95 0 2
96 0 2
97 0 2
98 0 2
99 0 2
100 1 2
101 0 2
102 0 2
103 0 2
104 1 2
105 0 2
106 0 2
107 0 2
108 0 2
109 0 2
110 0 2
111 0 2
112 0 2
113 0 2
114 0 2
115 0 2
116 0 2
117 0 2
118 0 2
119 1 2
120 0 2
121 1 2
122 0 2
123 0 2
124 0 2
125 0 2
126 0 2
127 0 2
128 0 2
129 1 2
130 0 2
131 0 2
132 0 2
133 0 2
134 0 2
135 0 2
136 1 2
137 0 2
138 0 2
139 0 2
140 0 2
141 0 2
142 0 2
143 0 2
144 0 2
145 1 2
146 0 2
147 0 2
148 0 2
149 0 2
150 0 2
151 0 2
152 0 2
153 0 2
154 0 2
155 0 2
156 0 2
157 2 2
158 0 2
159 0 2
160 0 2
161 1 2
162 0 2
163 0 2
164 0 2
165 1 2
166 0 2
167 0 2
168 0 2
169 0 2
170 0 2
171 0 2
172 0 2
173 1 2
174 0 2
175 0 2
176 0 2
177 0 2
178 0 2
179 0 2
180 0 2
181 1 2
182 0 2
183 0 2
184 0 2
185 0 2
186 0 2
187 0 2
188 0 2
189 0 2
190 0 2
191 0 2
192 1 2
193 0 2
194 0 2
195 1 2
196 0 2
197 0 2
198 0 2
199 0 2
200 0 2
201 0 2
202 0 2
203 0 2
204 0 2
205 0 2
206 0 2
207 0 2
208 1 2
209 0 2
210 0 2
211 0 2
212 0 2
213 0 2
214 0 2
215 1 2
216 1 2
217 0 2
218 0 2
219 0 2
220 0 2
221 0 2
222 0 2
223 1 2
224 0 2
225 0 2
226 1 2
227 0 2
228 0 2
229 0 2
230 0 2
231 0 2
232 0 2
233 0 2
234 0 2
235 0 2
236 0 2
237 0 2
238 1 2
239 1 2
240 0 2
241 0 2
242 0 2
243 0 2
244 1 2
245 0 2
246 1 2
247 0 2
248 1 2
249 0 2
250 0 2
251 0 2
252 0 2
253 0 2
254 1 2
255 0 2
256 0 2
257 0 2
258 0 2
259 0 2
260 0 2
261 0 2
262 0 2
263 0 2
264 0 2
265 0 2
266 0 2
267 2 2
268 0 2
269 0 2
270 0 2
271 1 2
272 1 2
273 0 2
274 0 2
275 0 2
276 0 2
277 0 2
278 0 2
279 0 2
280 0 2
281 0 2
282 0 2
283 0 2
284 0 2
285 0 2
286 0 2
287 0 2
288 0 2
289 0 2
290 0 2
291 0 2
292 0 2
293 0 2
294 0 2
295 0 2
296 0 2
297 0 2
298 0 2
299 0 2
300 0 2
301 0 2
302 0 2
303 0 2
304 0 2
305 0 2
306 0 2
307 0 2
308 0 2
309 0 2
310 0 2
311 0 2
312 0 2
313 0 2
314 0 2
315 0 2
316 0 2
317 0 2
318 0 2
319 0 2
320 0 2
321 0 2
322 0 2
323 1 2
324 0 2
325 0 2
326 0 2
327 0 2
328 0 2
329 1 2
330 0 2
331 0 2
332 0 2
333 0 2
334 0 2
335 0 2
336 0 2
337 0 2
338 0 2
339 0 2
340 1 2
341 0 2
342 0 2
343 0 2
344 0 2
345 0 2
346 0 2
347 1 2
348 1 2
349 0 2
350 0 2
351 1 2
352 0 2
353 0 2
354 1 2
355 1 2
356 0 2
357 0 2
358 1 2
359 0 2
360 0 2
361 1 2
362 1 2
363 0 2
364 1 2
365 1 2
366 0 2
367 0 2
368 0 2
369 0 2
370 0 2
371 1 2
372 0 2
373 0 2
374 0 2
375 0 2
376 0 2
377 0 2
378 0 2
379 0 2
380 0 2
381 0 2
382 0 2
383 1 2
384 0 2
385 0 2
386 1 2
387 0 2
388 0 2
389 0 2
390 1 2
391 0 2
392 0 2
393 1 2
394 0 2
395 0 2
396 1 2
397 0 2
398 1 2
399 0 2
400 2 2
401 0 2
402 2 2
403 0 2
404 1 2
405 0 2
406 0 2
407 0 2
408 0 2
409 0 2
410 0 2
411 0 2
412 0 2
413 0 2
414 1 2
415 1 2
416 0 2
417 1 2
418 0 2
419 1 2
420 3 3
421 0 3
422 0 3
423 0 3
424 0 3
425 0 3
426 0 3
427 3 3
428 0 3
429 0 3
430 0 3
431 1 3
432 0 3
433 1 3
434 0 3
435 1 3
436 1 3
437 0 3
438 1 3
439 2 3
440 2 3
441 2 3
442 3 3
443 3 3
444 0 3
445 1 3
446 0 3
447 0 3
448 0 3
449 3 3
450 0 3
451 1 3
452 1 3
453 1 3
454 1 3
455 0 3
456 0 3
457 2 3
458 1 3
459 1 3
460 0 3
461 0 3
462 3 3
463 1 3
464 4 4
465 1 4
466 0 4
467 1 4
468 1 4
469 1 4
470 3 4
471 4 4
472 1 4
473 1 4
474 3 4
475 0 4
476 2 4
477 1 4
478 1 4
479 0 4
480 3 4
481 2 4
482 1 4
483 0 4
484 5 5
485 0 5
486 4 5
487 2 5
488 0 5
489 0 5
490 1 5
491 0 5
492 3 5
493 1 5
494 1 5
495 1 5
496 1 5
497 1 5
498 2 5
499 14 14
500 2 14
501 1 14
502 24 24
503 6 24
504 16 24
505 0 24
506 24 24
507 16 24
508 12 24
509 4 24
510 8 24
511 0 24
512 29 29
513 12 29
514 11 29
515 22 29
516 8 29
517 0 29
518 17 29
519 14 29
520 0 29
521 10 29
522 5 29
523 11 29
524 15 29
525 9 29
526 26 29
527 5 29
528 18 29
529 29 29
530 17 29
531 19 29
532 14 29
533 4 29
534 6 29
535 20 29
536 13 29
537 26 29
538 24 29
539 36 36
540 18 36
541 5 36
542 12 36
543 2 36
544 6 36
545 11 36
546 15 36
547 28 36
548 18 36
549 29 36
550 18 36
551 21 36
552 31 36
553 15 36
554 14 36
555 22 36
556 40 40
557 30 40
558 20 40
559 20 40
560 24 40
561 33 40
562 19 40
563 44 44
564 29 44
565 27 44
566 34 44
567 1 44
568 30 44
569 30 44
570 28 44
571 33 44
572 66 66
573 38 66
574 27 66
575 8 66
576 50 66
577 22 66
578 30 66
579 13 66
580 25 66
581 15 66
582 37 66
583 11 66
584 32 66
585 29 66
586 39 66
587 30 66
588 52 66
589 34 66
590 33 66
591 18 66
592 15 66
593 18 66
594 26 66
595 33 66
596 10 66
597 43 66
598 13 66
599 40 66
600 21 66
601 27 66
602 34 66
603 44 66
604 16 66
605 29 66
606 30 66
607 18 66
608 28 66
609 19 66
610 18 66
611 37 66
612 48 66
613 31 66
614 40 66
615 42 66
616 11 66
617 19 66
618 37 66
619 30 66
620 23 66
621 46 66
622 36 66
623 55 66
624 41 66
625 13 66
626 44 66
627 28 66
628 28 66
629 23 66
630 21 66
631 9 66
632 5 66
633 23 66
634 38 66
635 37 66
636 31 66
637 30 66
638 16 66
639 17 66
640 34 66
641 15 66
642 16 66
643 6 66
644 22 66
645 15 66
646 18 66
647 16 66
648 19 66
649 32 66
650 25 66
651 10 66
652 32 66
653 16 66
654 52 66
655 35 66
656 37 66
657 18 66
658 30 66
659 34 66
660 16 66
661 17 66
662 21 66
663 34 66
664 29 66
665 21 66
666 20 66
667 34 66
668 34 66
669 38 66
670 26 66
671 51 66
672 57 66
673 43 66
674 15 66
675 1 66
676 9 66
677 15 66
678 6 66
679 13 66
680 21 66
681 18 66
682 3 66
683 33 66
684 92 92
685 23 92
686 44 92
687 21 92
688 9 92
689 21 92
690 27 92
691 41 92
692 12 92
693 26 92
694 19 92
695 68 92
696 25 92
697 15 92
698 36 92
699 40 92
700 33 92
701 16 92
702 21 92
703 22 92
704 44 92
705 23 92
706 10 92
707 26 92
708 11 92
709 7 92
710 7 92
711 50 92
712 29 92
713 27 92
714 11 92
715 44 92
716 22 92
717 31 92
718 41 92
719 11 92
720 5 92
721 12 92
722 25 92
723 22 92
724 19 92
725 21 92
726 16 92
727 38 92
728 33 92
729 1 92
730 25 92
731 23 92
732 33 92
733 14 92
734 19 92
735 33 92
736 30 92
737 60 92
738 23 92
739 74 92
740 28 92
741 42 92
742 23 92
743 50 92
744 63 92
745 20 92
746 18 92
747 45 92
748 38 92
749 21 92
750 16 92
751 19 92
752 27 92
753 23 92
754 83 92
755 51 92
756 31 92
757 26 92
758 30 92
759 26 92
760 49 92
761 17 92
762 43 92
763 26 92
764 14 92
765 40 92
766 38 92
767 54 92
768 35 92
769 17 92
770 23 92
771 37 92
772 36 92
773 10 92
774 11 92
775 23 92
776 27 92
777 11 92
778 26 92
779 39 92
780 23 92
781 21 92
782 42 92
783 15 92
784 28 92
785 29 92
786 40 92
787 35 92
788 17 92
789 81 92
790 33 92
791 33 92
792 28 92
793 18 92
794 29 92
795 71 92
796 24 92
797 39 92
798 23 92
799 13 92
800 16 92
801 37 92
802 32 92
803 10 92
804 23 92
805 15 92
806 28 92
807 26 92
808 36 92
809 40 92
810 22 92
811 41 92
812 9 92
813 17 92
814 19 92
815 19 92
816 51 92
817 22 92
818 50 92
819 20 92
820 13 92
821 7 92
822 21 92
823 20 92
824 52 92
825 28 92
826 22 92
827 24 92
828 20 92
829 22 92
830 27 92
831 29 92
832 27 92
833 27 92
834 23 92
835 24 92
836 36 92
837 22 92
838 31 92
839 22 92
840 11 92
841 17 92
842 21 92
843 21 92
844 54 92
845 27 92
846 16 92
847 15 92
848 17 92
849 16 92
850 34 92
851 38 92
852 44 92
853 14 92
854 38 92
855 17 92
856 48 92
857 26 92
858 83 92
859 62 92
860 50 92
861 16 92
862 26 92
863 51 92
864 16 92
865 12 92
866 9 92
867 33 92
868 32 92
869 29 92
870 25 92
871 19 92
872 29 92
873 53 92
874 16 92
875 37 92
876 12 92
877 46 92
878 30 92
879 29 92
880 59 92
881 41 92
882 39 92
883 20 92
884 44 92
885 37 92
886 32 92
887 37 92
888 41 92
889 19 92
890 20 92
891 62 92
892 20 92
893 16 92
894 35 92
895 50 92
896 29 92
897 17 92
898 19 92
899 38 92
900 25 92
901 31 92
902 21 92
903 9 92
904 14 92
905 32 92
906 21 92
907 30 92
908 27 92
909 13 92
910 33 92
911 29 92
912 15 92
913 13 92
914 50 92
915 40 92
916 21 92
917 21 92
918 18 92
919 15 92
920 11 92
921 16 92
922 39 92
923 30 92
924 27 92
925 28 92
926 50 92
927 54 92
928 32 92
929 20 92
930 16 92
931 14 92
932 21 92
933 21 92
934 22 92
935 30 92
936 29 92
937 20 92
938 39 92
939 20 92
940 5 92
941 21 92
942 22 92
943 18 92
944 54 92
945 40 92
946 40 92
947 21 92
948 28 92
949 22 92
950 12 92
951 36 92
952 21 92
953 58 92
954 11 92
955 18 92
956 23 92
957 39 92
958 44 92
959 11 92
960 13 92
961 13 92
962 52 92
963 20 92
964 27 92
965 17 92
966 21 92
967 27 92
968 13 92
969 33 92
970 28 92
971 25 92
972 27 92
973 22 92
974 32 92
975 52 92
976 35 92
977 26 92
978 35 92
979 32 92
980 53 92
981 66 92
982 35 92
983 17 92
984 26 92
985 17 92
986 26 92
987 49 92
988 20 92
989 20 92
990 19 92
991 51 92
992 31 92
993 31 92
994 24 92
995 54 92
996 32 92
997 22 92
998 2 92
999 1 92
1000 10 92
1001 9 92
