1 0 0
2 0 0
3 0 0
4 1 1
5 0 1
6 0 1
7 0 1
8 0 1
9 0 1
10 0 1
11 0 1
12 0 1
13 0 1
14 1 1
15 0 1
16 0 1
17 0 1
18 1 1
19 0 1
20 0 1
21 0 1
22 0 1
23 0 1
24 0 1
25 0 1
26 0 1
27 1 1
28 1 1
29 0 1
30 0 1
31 0 1
32 0 1
33 0 1
34 1 1
35 0 1
36 0 1
37 0 1
38 0 1
39 0 1
40 0 1
41 0 1
42 0 1
43 0 1
44 0 1
45 0 1
46 0 1
47 0 1
48 0 1
49 0 1
50 0 1
51 0 1
52 0 1
53 1 1
54 0 1
55 0 1
56 0 1
57 0 1
58 0 1
59 0 1
60 0 1
61 0 1
62 0 1
63 0 1
64 0 1
65 0 1
66 0 1
67 0 1
68 0 1
69 0 1
70 0 1
71 0 1
72 1 1
73 0 1
74 0 1
75 0 1
76 0 1
77 0 1
78 0 1
79 0 1
80 0 1
81 0 1
82 0 1
83 0 1
84 0 1
85 0 1
86 0 1
87 0 1
88 0 1
89 1 1
90 1 1
91 0 1
92 0 1
93 0 1
94 1 1
95 0 1
96 0 1
97 0 1
98 1 1
99 0 1
100 0 1
101 0 1
102 0 1
103 0 1
104 0 1
105 0 1
106 0 1
107 1 1
108 1 1
109 0 1
110 0 1
111 0 1
112 0 1
113 0 1
114 0 1
115 0 1
116 0 1
117 0 1
118 1 1
119 0 1
120 1 1
121 1 1
122 0 1
123 0 1
124 0 1
125 0 1
126 1 1
127 1 1
128 0 1
129 1 1
130 0 1
131 0 1
132 0 1
133 1 1
134 0 1
135 0 1
136 0 1
137 0 1
138 0 1
139 0 1
140 0 1
141 0 1
142 0 1
143 0 1
144 0 1
145 0 1
146 0 1
147 0 1
148 0 1
149 0 1
150 0 1
151 0 1
152 0 1
153 0 1
154 0 1
155 0 1
156 0 1
157 0 1
158 0 1
159 0 1
160 0 1
161 0 1
162 0 1
163 0 1
164 1 1
165 0 1
166 0 1
167 1 1
168 0 1
169 0 1
170 0 1
171 0 1
172 0 1
173 0 1
174 0 1
175 1 1
176 0 1
177 0 1
178 1 1
179 0 1
180 0 1
181 0 1
182 0 1
183 0 1
184 0 1
185 2 2
186 0 2
187 0 2
188 0 2
189 0 2
190 1 2
191 0 2
192 0 2
193 1 2
194 0 2
195 0 2
196 1 2
197 0 2
198 0 2
199 0 2
200 0 2
201 0 2
202 0 2
203 0 2
204 0 2
205 1 2
206 0 2
207 0 2
208 0 2
209 0 2
210 0 2
211 0 2
212 1 2
213 1 2
214 1 2
215 0 2
216 0 2
217 0 2
218 0 2
219 0 2
220 0 2
221 0 2
222 0 2
223 0 2
224 0 2
225 1 2
226 0 2
227 1 2
228 0 2
229 0 2
230 0 2
231 0 2
232 0 2
233 0 2
234 0 2
235 0 2
236 0 2
237 0 2
238 0 2
239 0 2
240 0 2
241 0 2
242 0 2
243 0 2
244 0 2
245 0 2
246 0 2
247 0 2
248 0 2
249 0 2
250 0 2
251 0 2
252 0 2
253 0 2
254 0 2
255 1 2
256 0 2
257 0 2
258 0 2
259 1 2
260 0 2
261 0 2
262 0 2
263 0 2
264 0 2
265 1 2
266 1 2
267 1 2
268 0 2
269 0 2
270 0 2
271 0 2
272 1 2
273 0 2
274 0 2
275 0 2
276 0 2
277 0 2
278 0 2
279 0 2
280 1 2
281 0 2
282 1 2
283 0 2
284 1 2
285 0 2
286 0 2
287 0 2
288 0 2
289 0 2
290 0 2
291 0 2
292 0 2
293 0 2
294 0 2
295 0 2
296 0 2
297 0 2
298 0 2
299 0 2
300 0 2
301 0 2
302 0 2
303 0 2
304 0 2
305 1 2
306 0 2
307 0 2
308 0 2
309 0 2
310 1 2
311 0 2
312 1 2
313 0 2
314 0 2
315 0 2
316 0 2
317 0 2
318 0 2
319 0 2
320 0 2
321 1 2
322 0 2
323 0 2
324 0 2
325 0 2
326 0 2
327 0 2
328 0 2
329 0 2
330 1 2
331 1 2
332 0 2
333 0 2
334 0 2
335 0 2
336 1 2
337 0 2
338 0 2
339 0 2
340 0 2
341 0 2
342 0 2
343 0 2
344 0 2
345 0 2
346 1 2
347 0 2
348 0 2
349 0 2
350 0 2
351 0 2
352 1 2
353 1 2
354 0 2
355 0 2
356 0 2
357 1 2
358 0 2
359 3 3
360 0 3
361 2 3
362 1 3
363 0 3
364 0 3
365 0 3
366 1 3
367 0 3
368 1 3
369 0 3
370 1 3
371 0 3
372 0 3
373 0 3
374 1 3
375 0 3
376 0 3
377 0 3
378 0 3
379 0 3
380 1 3
381 1 3
382 0 3
383 1 3
384 0 3
385 1 3
386 0 3
387 1 3
388 0 3
389 1 3
390 1 3
391 0 3
392 0 3
393 0 3
394 1 3
395 1 3
396 1 3
397 0 3
398 1 3
399 1 3
400 0 3
401 0 3
402 1 3
403 0 3
404 0 3
405 0 3
406 2 3
407 1 3
408 0 3
409 0 3
410 1 3
411 1 3
412 1 3
413 1 3
414 2 3
415 1 3
416 0 3
417 2 3
418 1 3
419 0 3
420 1 3
421 0 3
422 1 3
423 0 3
424 0 3
425 1 3
426 1 3
427 1 3
428 1 3
429 0 3
430 0 3
431 0 3
432 0 3
433 0 3
434 0 3
435 1 3
436 0 3
437 0 3
438 2 3
439 0 3
440 1 3
441 0 3
442 1 3
443 0 3
444 1 3
445 2 3
446 1 3
447 2 3
448 1 3
449 1 3
450 2 3
451 4 4
452 1 4
453 0 4
454 0 4
455 2 4
456 3 4
457 2 4
458 2 4
459 0 4
460 1 4
461 2 4
462 1 4
463 1 4
464 2 4
465 3 4
466 1 4
467 0 4
468 1 4
469 3 4
470 1 4
471 6 6
472 0 6
473 0 6
474 4 6
475 2 6
476 2 6
477 4 6
478 2 6
479 1 6
480 6 6
481 2 6
482 0 6
483 3 6
484 9 9
485 3 9
486 0 9
487 6 9
488 4 9
489 3 9
490 2 9
491 4 9
492 7 9
493 2 9
494 2 9
495 6 9
496 2 9
497 2 9
498 7 9
499 7 9
500 8 9
501 0 9
502 3 9
503 0 9
504 9 9
505 0 9
506 10 10
507 6 10
508 8 10
509 1 10
510 0 10
511 22 22
512 1 22
513 10 22
514 6 22
515 2 22
516 0 22
517 10 22
518 1 22
519 17 22
520 3 22
521 16 22
522 7 22
523 16 22
524 17 22
525 15 22
526 41 41
527 0 41
528 21 41
529 27 41
530 18 41
531 22 41
532 47 47
533 26 47
534 21 47
535 24 47
536 15 47
537 24 47
538 5 47
539 28 47
540 24 47
541 13 47
542 11 47
543 19 47
544 36 47
545 12 47
546 10 47
547 35 47
548 17 47
549 32 47
550 13 47
551 27 47
552 29 47
553 28 47
554 19 47
555 41 47
556 19 47
557 18 47
558 36 47
559 43 47
560 20 47
561 2 47
562 25 47
563 18 47
564 24 47
565 21 47
566 35 47
567 30 47
568 74 74
569 35 74
570 30 74
571 40 74
572 13 74
573 37 74
574 29 74
575 13 74
576 20 74
577 19 74
578 24 74
579 20 74
580 35 74
581 67 74
582 29 74
583 11 74
584 35 74
585 23 74
586 76 76
587 25 76
588 40 76
589 19 76
590 20 76
591 14 76
592 17 76
593 7 76
594 18 76
595 7 76
596 12 76
597 23 76
598 11 76
599 19 76
600 17 76
601 17 76
602 20 76
603 16 76
604 55 76
605 53 76
606 20 76
607 13 76
608 36 76
609 16 76
610 27 76
611 12 76
612 9 76
613 13 76
614 25 76
615 11 76
616 43 76
617 21 76
618 10 76
619 8 76
620 62 76
621 25 76
622 27 76
623 13 76
624 19 76
625 36 76
626 32 76
627 15 76
628 29 76
629 55 76
630 45 76
631 22 76
632 27 76
633 34 76
634 8 76
635 17 76
636 27 76
637 33 76
638 29 76
639 43 76
640 24 76
641 24 76
642 32 76
643 47 76
644 21 76
645 16 76
646 35 76
647 24 76
648 18 76
649 51 76
650 30 76
651 47 76
652 29 76
653 23 76
654 24 76
655 32 76
656 16 76
657 21 76
658 49 76
659 19 76
660 44 76
661 10 76
662 36 76
663 20 76
664 16 76
665 64 76
666 19 76
667 17 76
668 31 76
669 25 76
670 8 76
671 18 76
672 47 76
673 16 76
674 21 76
675 25 76
676 49 76
677 14 76
678 51 76
679 30 76
680 23 76
681 19 76
682 17 76
683 54 76
684 46 76
685 64 76
686 14 76
687 17 76
688 24 76
689 23 76
690 6 76
691 13 76
692 48 76
693 19 76
694 24 76
695 8 76
696 46 76
697 24 76
698 24 76
699 33 76
700 27 76
701 28 76
702 36 76
703 31 76
704 24 76
705 37 76
706 20 76
707 19 76
708 21 76
709 21 76
710 36 76
711 18 76
712 38 76
713 34 76
714 15 76
715 20 76
716 29 76
717 73 76
718 16 76
719 29 76
720 45 76
721 25 76
722 40 76
723 20 76
724 46 76
725 20 76
726 24 76
727 33 76
728 64 76
729 3 76
730 41 76
731 17 76
732 47 76
733 10 76
734 27 76
735 35 76
736 46 76
737 52 76
738 32 76
739 6 76
740 68 76
741 35 76
742 27 76
743 16 76
744 40 76
745 11 76
746 12 76
747 12 76
748 27 76
749 25 76
750 23 76
751 13 76
752 57 76
753 12 76
754 18 76
755 19 76
756 32 76
757 12 76
758 3 76
759 31 76
760 36 76
761 24 76
762 25 76
763 18 76
764 37 76
765 22 76
766 34 76
767 35 76
768 33 76
769 14 76
770 32 76
771 14 76
772 19 76
773 22 76
774 33 76
775 50 76
776 29 76
777 44 76
778 28 76
779 17 76
780 28 76
781 37 76
782 14 76
783 36 76
784 54 76
785 16 76
786 28 76
787 15 76
788 22 76
789 15 76
790 29 76
791 31 76
792 46 76
793 23 76
794 34 76
795 25 76
796 17 76
797 28 76
798 31 76
799 27 76
800 33 76
801 51 76
802 52 76
803 38 76
804 5 76
805 37 76
806 36 76
807 26 76
808 19 76
809 40 76
810 18 76
811 17 76
812 30 76
813 36 76
814 26 76
815 30 76
816 13 76
817 57 76
818 31 76
819 16 76
820 25 76
821 42 76
822 27 76
823 48 76
824 20 76
825 61 76
826 20 76
827 31 76
828 39 76
829 42 76
830 18 76
831 19 76
832 28 76
833 52 76
834 16 76
835 35 76
836 24 76
837 32 76
838 20 76
839 27 76
840 28 76
841 27 76
842 25 76
843 37 76
844 53 76
845 28 76
846 8 76
847 25 76
848 19 76
849 34 76
850 38 76
851 10 76
852 45 76
853 29 76
854 47 76
855 20 76
856 35 76
857 13 76
858 19 76
859 19 76
860 13 76
861 15 76
862 34 76
863 31 76
864 32 76
865 41 76
866 42 76
867 38 76
868 25 76
869 30 76
870 19 76
871 29 76
872 34 76
873 28 76
874 11 76
875 24 76
876 39 76
877 23 76
878 33 76
879 27 76
880 26 76
881 21 76
882 26 76
883 13 76
884 46 76
885 11 76
886 20 76
887 43 76
888 22 76
889 39 76
890 41 76
891 59 76
892 22 76
893 47 76
894 38 76
895 16 76
896 42 76
897 34 76
898 49 76
899 36 76
900 24 76
901 29 76
902 25 76
903 57 76
904 33 76
905 20 76
906 44 76
907 44 76
908 13 76
909 42 76
910 29 76
911 31 76
912 38 76
913 23 76
914 32 76
915 37 76
916 42 76
917 31 76
918 32 76
919 43 76
920 38 76
921 43 76
922 48 76
923 26 76
924 23 76
925 26 76
926 8 76
927 19 76
928 47 76
929 20 76
930 8 76
931 25 76
932 41 76
933 31 76
934 22 76
935 47 76
936 42 76
937 44 76
938 29 76
939 26 76
940 37 76
941 17 76
942 17 76
943 42 76
944 11 76
945 79 79
946 42 79
947 14 79
948 49 79
949 44 79
950 40 79
951 30 79
952 14 79
953 34 79
954 29 79
955 18 79
956 23 79
957 50 79
958 26 79
959 17 79
960 34 79
961 26 79
962 35 79
963 46 79
964 33 79
965 29 79
966 5 79
967 8 79
968 39 79
969 34 79
970 84 84
971 22 84
972 29 84
973 37 84
974 34 84
975 49 84
976 21 84
977 24 84
978 28 84
979 28 84
980 24 84
981 22 84
982 22 84
983 26 84
984 21 84
985 26 84
986 23 84
987 9 84
988 30 84
989 10 84
990 31 84
991 6 84
992 19 84
993 20 84
994 26 84
995 48 84
996 45 84
997 22 84
998 17 84
999 57 84
1000 18 84
1001 18 84
