1 0 0
2 0 0
3 0 0
4 0 0
5 0 0
6 1 1
7 0 1
8 0 1
9 0 1
10 0 1
11 0 1
12 0 1
13 0 1
14 0 1
15 0 1
16 0 1
17 0 1
18 1 1
19 0 1
20 0 1
21 0 1
22 0 1
23 0 1
24 0 1
25 0 1
26 0 1
27 0 1
28 1 1
29 0 1
30 1 1
31 1 1
32 0 1
33 1 1
34 0 1
35 1 1
36 0 1
37 0 1
38 1 1
39 2 2
40 0 2
41 0 2
42 0 2
43 0 2
44 1 2
45 0 2
46 0 2
47 0 2
48 1 2
49 0 2
50 0 2
51 0 2
52 1 2
53 0 2
54 0 2
55 1 2
56 0 2
57 1 2
58 0 2
59 0 2
60 0 2
61 0 2
62 0 2
63 0 2
64 1 2
65 1 2
66 0 2
67 0 2
68 0 2
69 0 2
70 1 2
71 1 2
72 0 2
73 0 2
74 0 2
75 0 2
76 0 2
77 2 2
78 0 2
79 0 2
80 0 2
81 0 2
82 1 2
83 0 2
84 0 2
85 0 2
86 0 2
87 0 2
88 0 2
89 2 2
90 0 2
91 0 2
92 0 2
93 0 2
94 0 2
95 1 2
96 0 2
97 0 2
98 0 2
99 1 2
100 0 2
101 0 2
102 0 2
103 0 2
104 1 2
105 2 2
106 0 2
107 0 2
108 0 2
109 0 2
110 0 2
111 0 2
112 0 2
113 0 2
114 1 2
115 0 2
116 1 2
117 2 2
118 1 2
119 1 2
120 0 2
121 1 2
122 0 2
123 0 2
124 0 2
125 1 2
126 1 2
127 3 3
128 1 3
129 0 3
130 1 3
131 0 3
132 0 3
133 0 3
134 1 3
135 0 3
136 1 3
137 1 3
138 0 3
139 1 3
140 0 3
141 0 3
142 1 3
143 0 3
144 0 3
145 1 3
146 2 3
147 0 3
148 0 3
149 2 3
150 1 3
151 1 3
152 0 3
153 4 4
154 1 4
155 0 4
156 1 4
157 2 4
158 0 4
159 6 6
160 0 6
161 1 6
162 0 6
163 2 6
164 2 6
165 2 6
166 1 6
167 1 6
168 0 6
169 1 6
170 3 6
171 0 6
172 2 6
173 1 6
174 0 6
175 3 6
176 1 6
177 0 6
178 5 6
179 1 6
180 4 6
181 0 6
182 0 6
183 5 6
184 2 6
185 1 6
186 5 6
187 7 7
188 1 7
189 6 7
190 5 7
191 2 7
192 0 7
193 7 7
194 4 7
195 1 7
196 12 12
197 11 12
198 1 12
199 2 12
200 4 12
201 0 12
202 4 12
203 15 15
204 3 15
205 41 41
206 3 41
207 2 41
208 38 41
209 1 41
210 16 41
211 13 41
212 10 41
213 18 41
214 15 41
215 6 41
216 0 41
217 1 41
218 41 41
219 14 41
220 0 41
221 5 41
222 0 41
223 10 41
224 9 41
225 5 41
226 14 41
227 14 41
228 3 41
229 19 41
230 11 41
231 23 41
232 7 41
233 16 41
234 15 41
235 8 41
236 0 41
237 0 41
238 25 41
239 25 41
240 21 41
241 16 41
242 13 41
243 9 41
244 12 41
245 76 76
246 9 76
247 7 76
248 3 76
249 28 76
250 19 76
251 18 76
252 27 76
253 24 76
254 25 76
255 14 76
256 2 76
257 9 76
258 18 76
259 24 76
260 6 76
261 20 76
262 24 76
263 22 76
264 32 76
265 30 76
266 1 76
267 22 76
268 22 76
269 22 76
270 6 76
271 9 76
272 3 76
273 0 76
274 10 76
275 7 76
276 30 76
277 14 76
278 38 76
279 34 76
280 13 76
281 23 76
282 53 76
283 29 76
284 22 76
285 26 76
286 14 76
287 23 76
288 38 76
289 33 76
290 28 76
291 6 76
292 28 76
293 24 76
294 17 76
295 11 76
296 40 76
297 31 76
298 17 76
299 22 76
300 19 76
301 9 76
302 25 76
303 32 76
304 44 76
305 18 76
306 5 76
307 16 76
308 10 76
309 23 76
310 15 76
311 6 76
312 8 76
313 10 76
314 19 76
315 16 76
316 13 76
317 19 76
318 34 76
319 35 76
320 39 76
321 8 76
322 23 76
323 26 76
324 19 76
325 24 76
326 18 76
327 12 76
328 19 76
329 40 76
330 52 76
331 21 76
332 22 76
333 36 76
334 21 76
335 24 76
336 39 76
337 29 76
338 27 76
339 35 76
340 10 76
341 32 76
342 110 110
343 47 110
344 22 110
345 16 110
346 11 110
347 32 110
348 20 110
349 36 110
350 15 110
351 10 110
352 11 110
353 5 110
354 22 110
355 19 110
356 14 110
357 19 110
358 2 110
359 1 110
360 79 110
361 19 110
362 14 110
363 21 110
364 1 110
365 10 110
366 54 110
367 44 110
368 31 110
369 26 110
370 27 110
371 35 110
372 13 110
373 5 110
374 72 110
375 22 110
376 28 110
377 42 110
378 42 110
379 16 110
380 29 110
381 24 110
382 31 110
383 28 110
384 8 110
385 16 110
386 13 110
387 30 110
388 23 110
389 24 110
390 14 110
391 46 110
392 33 110
393 20 110
394 44 110
395 57 110
396 31 110
397 5 110
398 14 110
399 17 110
400 21 110
401 61 110
402 42 110
403 32 110
404 16 110
405 23 110
406 12 110
407 26 110
408 27 110
409 31 110
410 7 110
411 6 110
412 12 110
413 18 110
414 27 110
415 6 110
416 19 110
417 51 110
418 17 110
419 56 110
420 30 110
421 33 110
422 10 110
423 28 110
424 20 110
425 30 110
426 18 110
427 7 110
428 20 110
429 4 110
430 20 110
431 18 110
432 41 110
433 36 110
434 36 110
435 51 110
436 40 110
437 10 110
438 49 110
439 13 110
440 23 110
441 33 110
442 54 110
443 34 110
444 58 110
445 17 110
446 18 110
447 41 110
448 20 110
449 11 110
450 13 110
451 50 110
452 14 110
453 14 110
454 33 110
455 10 110
456 24 110
457 6 110
458 42 110
459 36 110
460 24 110
461 31 110
462 16 110
463 25 110
464 22 110
465 26 110
466 5 110
467 13 110
468 35 110
469 13 110
470 6 110
471 2 110
472 19 110
473 22 110
474 4 110
475 34 110
476 72 110
477 19 110
478 86 110
479 35 110
480 28 110
481 25 110
482 14 110
483 42 110
484 21 110
485 7 110
486 28 110
487 23 110
488 28 110
489 32 110
490 21 110
491 18 110
492 32 110
493 19 110
494 35 110
495 20 110
496 26 110
497 21 110
498 28 110
499 17 110
500 52 110
501 23 110
502 43 110
503 10 110
504 21 110
505 22 110
506 32 110
507 36 110
508 25 110
509 31 110
510 29 110
511 24 110
512 22 110
513 13 110
514 17 110
515 4 110
516 11 110
517 25 110
518 7 110
519 4 110
520 8 110
521 25 110
522 18 110
523 46 110
524 33 110
525 8 110
526 52 110
527 60 110
528 15 110
529 38 110
530 44 110
531 37 110
532 22 110
533 55 110
534 28 110
535 11 110
536 54 110
537 10 110
538 27 110
539 27 110
540 63 110
541 24 110
542 53 110
543 20 110
544 38 110
545 22 110
546 26 110
547 38 110
548 37 110
549 37 110
550 15 110
551 49 110
552 43 110
553 37 110
554 16 110
555 2 110
556 27 110
557 38 110
558 31 110
559 46 110
560 9 110
561 49 110
562 56 110
563 21 110
564 39 110
565 70 110
566 41 110
567 17 110
568 33 110
569 62 110
570 34 110
571 54 110
572 48 110
573 26 110
574 31 110
575 29 110
576 8 110
577 7 110
578 29 110
579 45 110
580 27 110
581 34 110
582 19 110
583 25 110
584 60 110
585 38 110
586 29 110
587 40 110
588 27 110
589 36 110
590 36 110
591 9 110
592 14 110
593 41 110
594 46 110
595 27 110
596 32 110
597 43 110
598 15 110
599 36 110
600 49 110
601 53 110
602 42 110
603 41 110
604 27 110
605 48 110
606 33 110
607 39 110
608 29 110
609 24 110
610 61 110
611 66 110
612 30 110
613 27 110
614 21 110
615 30 110
616 12 110
617 22 110
618 90 110
619 37 110
620 32 110
621 10 110
622 33 110
623 11 110
624 16 110
625 22 110
626 17 110
627 17 110
628 44 110
629 21 110
630 35 110
631 27 110
632 31 110
633 19 110
634 35 110
635 21 110
636 44 110
637 36 110
638 39 110
639 11 110
640 18 110
641 35 110
642 42 110
643 37 110
644 36 110
645 27 110
646 32 110
647 50 110
648 16 110
649 17 110
650 17 110
651 36 110
652 38 110
653 7 110
654 38 110
655 55 110
656 21 110
657 20 110
658 35 110
659 34 110
660 57 110
661 27 110
662 19 110
663 8 110
664 48 110
665 25 110
666 36 110
667 29 110
668 54 110
669 33 110
670 27 110
671 24 110
672 14 110
673 8 110
674 20 110
675 40 110
676 17 110
677 18 110
678 34 110
679 47 110
680 30 110
681 21 110
682 20 110
683 12 110
684 30 110
685 24 110
686 21 110
687 34 110
688 33 110
689 10 110
690 21 110
691 30 110
692 24 110
693 21 110
694 15 110
695 19 110
696 17 110
697 27 110
698 13 110
699 20 110
700 26 110
701 17 110
702 12 110
703 15 110
704 15 110
705 64 110
706 13 110
707 20 110
708 14 110
709 36 110
710 21 110
711 28 110
712 49 110
713 35 110
714 61 110
715 48 110
716 52 110
717 51 110
718 33 110
719 44 110
720 50 110
721 51 110
722 49 110
723 41 110
724 19 110
725 38 110
726 50 110
727 35 110
728 47 110
729 53 110
730 43 110
731 22 110
732 19 110
733 18 110
734 47 110
735 63 110
736 13 110
737 5 110
738 19 110
739 50 110
740 65 110
741 40 110
742 39 110
743 34 110
744 24 110
745 46 110
746 45 110
747 18 110
748 42 110
749 20 110
750 26 110
751 30 110
752 22 110
753 34 110
754 12 110
755 34 110
756 22 110
757 43 110
758 23 110
759 25 110
760 25 110
761 24 110
762 38 110
763 15 110
764 18 110
765 27 110
766 20 110
767 10 110
768 23 110
769 23 110
770 16 110
771 38 110
772 24 110
773 47 110
774 40 110
775 21 110
776 33 110
777 27 110
778 77 110
779 21 110
780 31 110
781 17 110
782 61 110
783 6 110
784 9 110
785 33 110
786 17 110
787 42 110
788 19 110
789 19 110
790 17 110
791 25 110
792 27 110
793 42 110
794 26 110
795 25 110
796 38 110
797 14 110
798 29 110
799 37 110
800 22 110
801 29 110
802 12 110
803 45 110
804 18 110
805 24 110
806 56 110
807 23 110
808 21 110
809 23 110
810 33 110
811 30 110
812 24 110
813 30 110
814 7 110
815 23 110
816 11 110
817 20 110
818 20 110
819 29 110
820 39 110
821 25 110
822 27 110
823 21 110
824 23 110
825 48 110
826 22 110
827 30 110
828 22 110
829 28 110
830 50 110
831 41 110
832 22 110
833 22 110
834 12 110
835 27 110
836 21 110
837 14 110
838 23 110
839 14 110
840 26 110
841 41 110
842 40 110
843 56 110
844 19 110
845 69 110
846 21 110
847 57 110
848 75 110
849 36 110
850 51 110
851 23 110
852 11 110
853 15 110
854 38 110
855 28 110
856 58 110
857 18 110
858 22 110
859 21 110
860 13 110
861 23 110
862 25 110
863 33 110
864 19 110
865 6 110
866 40 110
867 33 110
868 19 110
869 38 110
870 29 110
871 25 110
872 12 110
873 38 110
874 19 110
875 22 110
876 18 110
877 23 110
878 42 110
879 23 110
880 65 110
881 23 110
882 5 110
883 51 110
884 21 110
885 24 110
886 30 110
887 26 110
888 50 110
889 18 110
890 35 110
891 15 110
892 25 110
893 20 110
894 13 110
895 30 110
896 23 110
897 58 110
898 32 110
899 20 110
900 13 110
901 35 110
902 42 110
903 36 110
904 23 110
905 24 110
906 32 110
907 60 110
908 41 110
909 23 110
910 14 110
911 37 110
912 16 110
913 18 110
914 47 110
915 24 110
916 6 110
917 25 110
918 41 110
919 53 110
920 39 110
921 55 110
922 23 110
923 31 110
924 34 110
925 23 110
926 25 110
927 8 110
928 25 110
929 34 110
930 21 110
931 8 110
932 16 110
933 29 110
934 29 110
935 14 110
936 37 110
937 20 110
938 26 110
939 29 110
940 10 110
941 23 110
942 19 110
943 49 110
944 32 110
945 8 110
946 9 110
947 14 110
948 22 110
949 21 110
950 47 110
951 24 110
952 6 110
953 9 110
954 22 110
955 14 110
956 38 110
957 18 110
958 3 110
959 24 110
960 20 110
961 18 110
962 2 110
963 31 110
964 31 110
965 22 110
966 39 110
967 28 110
968 35 110
969 40 110
970 17 110
971 21 110
972 28 110
973 26 110
974 31 110
975 11 110
976 18 110
977 12 110
978 24 110
979 47 110
980 29 110
981 22 110
982 25 110
983 22 110
984 30 110
985 35 110
986 34 110
987 12 110
988 34 110
989 43 110
990 16 110
991 28 110
992 50 110
993 11 110
994 38 110
995 11 110
996 34 110
997 11 110
998 51 110
999 15 110
1000 21 110
1001 28 110
