1 0 0
2 0 0
3 0 0
4 0 0
5 0 0
6 0 0
7 0 0
8 0 0
9 0 0
10 0 0
11 0 0
12 1 1
13 0 1
14 0 1
15 0 1
16 0 1
17 0 1
18 0 1
19 0 1
20 0 1
21 0 1
22 0 1
23 0 1
24 1 1
25 1 1
26 0 1
27 0 1
28 0 1
29 0 1
30 0 1
31 0 1
32 0 1
33 0 1
34 1 1
35 0 1
36 1 1
37 0 1
38 0 1
39 0 1
40 0 1
41 1 1
42 1 1
43 0 1
44 1 1
45 1 1
46 1 1
47 0 1
48 2 2
49 0 2
50 1 2
51 1 2
52 1 2
53 0 2
54 0 2
55 0 2
56 0 2
57 1 2
58 0 2
59 0 2
60 2 2
61 1 2
62 2 2
63 2 2
64 1 2
65 0 2
66 0 2
67 1 2
68 1 2
69 2 2
70 4 4
71 0 4
72 1 4
73 2 4
74 2 4
75 0 4
76 0 4
77 0 4
78 0 4
79 1 4
80 0 4
81 0 4
82 3 4
83 0 4
84 0 4
85 0 4
86 0 4
87 0 4
88 0 4
89 1 4
90 0 4
91 1 4
92 0 4
93 1 4
94 0 4
95 0 4
96 0 4
97 0 4
98 0 4
99 0 4
100 0 4
101 0 4
102 0 4
103 0 4
104 1 4
105 0 4
106 0 4
107 0 4
108 0 4
109 0 4
110 0 4
111 0 4
112 0 4
113 1 4
114 2 4
115 1 4
116 0 4
117 2 4
118 1 4
119 0 4
120 2 4
121 0 4
122 0 4
123 1 4
124 0 4
125 0 4
126 2 4
127 0 4
128 1 4
129 0 4
130 1 4
131 0 4
132 1 4
133 0 4
134 1 4
135 0 4
136 2 4
137 0 4
138 0 4
139 2 4
140 2 4
141 1 4
142 0 4
143 0 4
144 1 4
145 0 4
146 0 4
147 0 4
148 10 10
149 1 10
150 0 10
151 1 10
152 1 10
153 0 10
154 3 10
155 1 10
156 0 10
157 2 10
158 0 10
159 1 10
160 0 10
161 0 10
162 0 10
163 0 10
164 0 10
165 0 10
166 27 27
167 0 27
168 4 27
169 0 27
170 10 27
171 0 27
172 2 27
173 1 27
174 3 27
175 0 27
176 0 27
177 0 27
178 4 27
179 2 27
180 1 27
181 0 27
182 0 27
183 0 27
184 0 27
185 1 27
186 1 27
187 11 27
188 3 27
189 0 27
190 3 27
191 2 27
192 2 27
193 10 27
194 5 27
195 0 27
196 0 27
197 0 27
198 0 27
199 2 27
200 7 27
201 24 27
202 2 27
203 0 27
204 0 27
205 0 27
206 1 27
207 0 27
208 0 27
209 0 27
210 4 27
211 5 27
212 0 27
213 0 27
214 17 27
215 2 27
216 8 27
217 0 27
218 0 27
219 1 27
220 0 27
221 1 27
222 8 27
223 6 27
224 4 27
225 1 27
226 0 27
227 0 27
228 24 27
229 16 27
230 21 27
231 23 27
232 23 27
233 20 27
234 0 27
235 3 27
236 12 27
237 2 27
238 24 27
239 6 27
240 9 27
241 17 27
242 3 27
243 0 27
244 16 27
245 7 27
246 2 27
247 0 27
248 9 27
249 0 27
250 0 27
251 42 42
252 0 42
253 12 42
254 1 42
255 4 42
256 0 42
257 3 42
258 1 42
259 14 42
260 6 42
261 3 42
262 0 42
263 5 42
264 22 42
265 9 42
266 12 42
267 17 42
268 7 42
269 8 42
270 27 42
271 5 42
272 21 42
273 0 42
274 0 42
275 0 42
276 4 42
277 0 42
278 10 42
279 24 42
280 2 42
281 2 42
282 0 42
283 1 42
284 19 42
285 1 42
286 2 42
287 0 42
288 0 42
289 3 42
290 0 42
291 11 42
292 1 42
293 14 42
294 0 42
295 25 42
296 25 42
297 10 42
298 23 42
299 10 42
300 1 42
301 6 42
