1 0 0
2 0 0
3 0 0
4 0 0
5 0 0
6 0 0
7 0 0
8 0 0
9 0 0
10 0 0
11 0 0
12 0 0
13 1 1
14 0 1
15 0 1
16 0 1
17 0 1
18 0 1
19 0 1
20 0 1
21 0 1
22 0 1
23 0 1
24 1 1
25 0 1
26 0 1
27 2 2
28 0 2
29 0 2
30 0 2
31 0 2
32 0 2
33 0 2
34 0 2
35 0 2
36 0 2
37 1 2
38 0 2
39 0 2
40 0 2
41 0 2
42 1 2
43 1 2
44 0 2
45 1 2
46 0 2
47 0 2
48 1 2
49 0 2
50 1 2
51 1 2
52 1 2
53 1 2
54 0 2
55 0 2
56 1 2
57 0 2
58 0 2
59 1 2
60 1 2
61 2 2
62 0 2
63 0 2
64 0 2
65 0 2
66 0 2
67 0 2
68 1 2
69 2 2
70 0 2
71 0 2
72 3 3
73 0 3
74 0 3
75 0 3
76 0 3
77 1 3
78 0 3
79 0 3
80 1 3
81 0 3
82 1 3
83 0 3
84 0 3
85 0 3
86 1 3
87 0 3
88 0 3
89 0 3
90 0 3
91 0 3
92 2 3
93 0 3
94 0 3
95 0 3
96 0 3
97 0 3
98 0 3
99 0 3
100 0 3
101 1 3
102 0 3
103 0 3
104 0 3
105 0 3
106 0 3
107 0 3
108 0 3
109 0 3
110 0 3
111 1 3
112 0 3
113 1 3
114 0 3
115 0 3
116 1 3
117 0 3
118 0 3
119 0 3
120 0 3
121 1 3
122 1 3
123 0 3
124 0 3
125 0 3
126 0 3
127 0 3
128 0 3
129 0 3
130 3 3
131 0 3
132 0 3
133 0 3
134 0 3
135 0 3
136 0 3
137 0 3
138 0 3
139 0 3
140 2 3
141 1 3
142 1 3
143 0 3
144 1 3
145 0 3
146 0 3
147 1 3
148 0 3
149 2 3
150 1 3
151 2 3
152 0 3
153 0 3
154 2 3
155 0 3
156 0 3
157 1 3
158 0 3
159 2 3
160 1 3
161 0 3
162 4 4
163 3 4
164 1 4
165 2 4
166 2 4
167 2 4
168 7 7
169 17 17
170 1 17
171 0 17
172 0 17
173 1 17
174 7 17
175 0 17
176 1 17
177 9 17
178 0 17
179 2 17
180 1 17
181 14 17
182 2 17
183 3 17
184 5 17
185 12 17
186 7 17
187 1 17
188 19 19
189 5 19
190 1 19
191 3 19
192 2 19
193 1 19
194 2 19
195 0 19
196 7 19
197 19 19
198 1 19
199 2 19
200 0 19
201 25 25
202 11 25
203 10 25
204 1 25
205 0 25
206 2 25
207 9 25
208 3 25
209 11 25
210 0 25
211 1 25
212 0 25
213 0 25
214 0 25
215 3 25
216 32 32
217 1 32
218 2 32
219 0 32
220 1 32
221 2 32
222 8 32
223 0 32
224 3 32
225 3 32
226 23 32
227 2 32
228 2 32
229 1 32
230 2 32
231 0 32
232 2 32
233 7 32
234 11 32
235 3 32
236 0 32
237 1 32
238 8 32
239 8 32
240 1 32
241 1 32
242 1 32
243 2 32
244 3 32
245 1 32
246 0 32
247 1 32
248 3 32
249 0 32
250 5 32
251 1 32
252 2 32
253 1 32
254 0 32
255 5 32
256 1 32
257 6 32
258 1 32
259 0 32
260 7 32
261 17 32
262 3 32
263 0 32
264 0 32
265 13 32
266 14 32
267 12 32
268 0 32
269 8 32
270 21 32
271 1 32
272 22 32
273 3 32
274 2 32
275 8 32
276 10 32
277 3 32
278 0 32
279 9 32
280 9 32
281 22 32
282 11 32
283 2 32
284 8 32
285 12 32
286 3 32
287 1 32
288 2 32
289 11 32
290 6 32
291 9 32
292 5 32
293 0 32
294 0 32
295 1 32
296 0 32
297 0 32
298 2 32
299 0 32
300 0 32
301 0 32
