1 0 0
2 1 1
3 0 1
4 1 1
5 0 1
6 0 1
7 0 1
8 0 1
9 0 1
10 0 1
11 0 1
12 0 1
13 0 1
14 1 1
15 0 1
16 0 1
17 1 1
18 0 1
19 0 1
20 0 1
21 0 1
22 0 1
23 1 1
24 0 1
25 0 1
26 0 1
27 0 1
28 0 1
29 0 1
30 1 1
31 0 1
32 0 1
33 1 1
34 0 1
35 1 1
36 1 1
37 0 1
38 0 1
39 0 1
40 2 2
41 1 2
42 0 2
43 0 2
44 0 2
45 0 2
46 1 2
47 1 2
48 1 2
49 1 2
50 0 2
51 1 2
52 1 2
53 0 2
54 0 2
55 0 2
56 1 2
57 0 2
58 1 2
59 1 2
60 1 2
61 0 2
62 0 2
63 0 2
64 0 2
65 3 3
66 1 3
67 0 3
68 0 3
69 1 3
70 0 3
71 4 4
72 2 4
73 0 4
74 1 4
75 1 4
76 1 4
77 8 8
78 0 8
79 1 8
80 0 8
81 1 8
82 0 8
83 0 8
84 6 8
85 5 8
86 0 8
87 0 8
88 0 8
89 0 8
90 0 8
91 0 8
92 0 8
93 0 8
94 0 8
95 1 8
96 0 8
97 0 8
98 3 8
99 5 8
100 0 8
101 0 8
102 4 8
103 10 10
104 8 10
105 0 10
106 0 10
107 0 10
108 1 10
109 1 10
110 0 10
111 1 10
112 0 10
113 0 10
114 1 10
115 0 10
116 1 10
117 0 10
118 0 10
119 0 10
120 0 10
121 1 10
122 1 10
123 0 10
124 1 10
125 3 10
126 1 10
127 17 17
128 6 17
129 0 17
130 1 17
131 5 17
132 0 17
133 0 17
134 0 17
135 2 17
136 3 17
137 2 17
138 1 17
139 15 17
140 0 17
141 21 21
142 0 21
143 15 21
144 0 21
145 1 21
146 1 21
147 0 21
148 0 21
149 10 21
150 4 21
151 0 21
152 0 21
153 0 21
154 5 21
155 2 21
156 0 21
157 0 21
158 19 21
159 0 21
160 17 21
161 0 21
162 3 21
163 1 21
164 0 21
165 1 21
166 0 21
167 0 21
168 7 21
169 0 21
170 0 21
171 0 21
172 1 21
173 0 21
174 9 21
175 4 21
176 0 21
177 11 21
178 4 21
179 0 21
180 0 21
181 8 21
182 0 21
183 0 21
184 11 21
185 3 21
186 0 21
187 0 21
188 0 21
189 0 21
190 1 21
191 0 21
192 0 21
193 5 21
194 0 21
195 15 21
196 26 26
197 2 26
198 2 26
199 8 26
200 7 26
201 1 26
202 0 26
203 1 26
204 20 26
205 13 26
206 6 26
207 2 26
208 0 26
209 2 26
210 22 26
211 0 26
212 11 26
213 0 26
214 0 26
215 22 26
216 19 26
217 0 26
218 28 28
219 1 28
220 12 28
221 25 28
222 1 28
223 34 34
224 6 34
225 17 34
226 0 34
227 12 34
228 2 34
229 22 34
230 18 34
231 1 34
232 14 34
233 0 34
234 20 34
235 0 34
236 1 34
237 0 34
238 0 34
239 9 34
240 4 34
241 12 34
242 0 34
243 2 34
244 1 34
245 10 34
246 0 34
247 1 34
248 8 34
249 5 34
250 15 34
251 0 34
252 10 34
253 30 34
254 5 34
255 0 34
256 12 34
257 2 34
258 0 34
259 2 34
260 1 34
261 14 34
262 6 34
263 0 34
264 31 34
265 28 34
266 1 34
267 0 34
268 0 34
269 0 34
270 0 34
271 8 34
272 1 34
273 6 34
274 0 34
275 16 34
276 8 34
277 14 34
278 0 34
279 11 34
280 6 34
281 14 34
282 7 34
283 0 34
284 46 46
285 0 46
286 18 46
287 0 46
288 1 46
289 9 46
290 37 46
291 12 46
292 15 46
293 0 46
294 23 46
295 2 46
296 1 46
297 4 46
298 4 46
299 2 46
300 7 46
301 5 46
