1 0 0
2 0 0
3 0 0
4 0 0
5 1 1
6 0 1
7 0 1
8 0 1
9 0 1
10 0 1
11 0 1
12 0 1
13 0 1
14 1 1
15 0 1
16 0 1
17 0 1
18 0 1
19 0 1
20 0 1
21 0 1
22 1 1
23 0 1
24 1 1
25 0 1
26 1 1
27 0 1
28 0 1
29 0 1
30 1 1
31 0 1
32 0 1
33 0 1
34 2 2
35 0 2
36 0 2
37 0 2
38 0 2
39 0 2
40 1 2
41 0 2
42 0 2
43 1 2
44 0 2
45 0 2
46 0 2
47 0 2
48 0 2
49 0 2
50 0 2
51 1 2
52 0 2
53 0 2
54 0 2
55 0 2
56 1 2
57 1 2
58 1 2
59 0 2
60 1 2
61 0 2
62 1 2
63 2 2
64 0 2
65 2 2
66 2 2
67 0 2
68 2 2
69 0 2
70 4 4
71 1 4
72 0 4
73 1 4
74 0 4
75 0 4
76 0 4
77 0 4
78 0 4
79 0 4
80 0 4
81 0 4
82 0 4
83 0 4
84 1 4
85 0 4
86 0 4
87 0 4
88 1 4
89 1 4
90 0 4
91 0 4
92 0 4
93 0 4
94 0 4
95 0 4
96 0 4
97 0 4
98 0 4
99 0 4
100 0 4
101 0 4
102 3 4
103 2 4
104 0 4
105 3 4
106 1 4
107 0 4
108 1 4
109 0 4
110 0 4
111 1 4
112 0 4
113 0 4
114 1 4
115 0 4
116 0 4
117 0 4
118 0 4
119 0 4
120 4 4
121 0 4
122 0 4
123 0 4
124 0 4
125 0 4
126 1 4
127 2 4
128 0 4
129 0 4
130 0 4
131 1 4
132 0 4
133 0 4
134 1 4
135 0 4
136 0 4
137 0 4
138 1 4
139 0 4
140 1 4
141 0 4
142 1 4
143 0 4
144 0 4
145 0 4
146 1 4
147 0 4
148 0 4
149 0 4
150 0 4
151 0 4
152 0 4
153 1 4
154 0 4
155 0 4
156 0 4
157 0 4
158 0 4
159 0 4
160 2 4
161 0 4
162 0 4
163 0 4
164 0 4
165 0 4
166 0 4
167 0 4
168 1 4
169 0 4
170 0 4
171 0 4
172 1 4
173 0 4
174 0 4
175 0 4
176 0 4
177 0 4
178 0 4
179 0 4
180 0 4
181 0 4
182 0 4
183 0 4
184 0 4
185 0 4
186 0 4
187 2 4
188 0 4
189 0 4
190 1 4
191 0 4
192 0 4
193 0 4
194 2 4
195 0 4
196 0 4
197 0 4
198 0 4
199 0 4
200 0 4
201 0 4
202 0 4
203 0 4
204 1 4
205 0 4
206 0 4
207 0 4
208 0 4
209 0 4
210 0 4
211 0 4
212 0 4
213 0 4
214 0 4
215 1 4
216 3 4
217 0 4
218 0 4
219 0 4
220 0 4
221 0 4
222 1 4
223 0 4
224 0 4
225 0 4
226 0 4
227 0 4
228 0 4
229 0 4
230 0 4
231 2 4
232 0 4
233 0 4
234 0 4
235 0 4
236 0 4
237 0 4
238 0 4
239 0 4
240 0 4
241 1 4
242 0 4
243 0 4
244 0 4
245 0 4
246 0 4
247 0 4
248 0 4
249 0 4
250 0 4
251 2 4
252 0 4
253 0 4
254 0 4
255 2 4
256 0 4
257 0 4
258 0 4
259 0 4
260 0 4
261 0 4
262 0 4
263 0 4
264 1 4
265 0 4
266 0 4
267 0 4
268 0 4
269 0 4
270 1 4
271 0 4
272 0 4
273 0 4
274 0 4
275 0 4
276 0 4
277 0 4
278 0 4
279 0 4
280 0 4
281 0 4
282 1 4
283 1 4
284 1 4
285 0 4
286 0 4
287 0 4
288 0 4
289 1 4
290 0 4
291 0 4
292 0 4
293 0 4
294 0 4
295 0 4
296 0 4
297 0 4
298 0 4
299 1 4
300 0 4
301 0 4
