1 0 0
2 0 0
3 0 0
4 1 1
5 0 1
6 1 1
7 0 1
8 1 1
9 0 1
10 0 1
11 0 1
12 0 1
13 0 1
14 0 1
15 1 1
16 0 1
17 0 1
18 0 1
19 1 1
20 0 1
21 0 1
22 0 1
23 0 1
24 1 1
25 0 1
26 0 1
27 0 1
28 0 1
29 0 1
30 1 1
31 1 1
32 0 1
33 1 1
34 0 1
35 1 1
36 0 1
37 2 2
38 0 2
39 1 2
40 1 2
41 0 2
42 0 2
43 1 2
44 1 2
45 1 2
46 2 2
47 0 2
48 1 2
49 0 2
50 2 2
51 0 2
52 3 3
53 0 3
54 0 3
55 0 3
56 0 3
57 1 3
58 1 3
59 2 3
60 3 3
61 0 3
62 0 3
63 0 3
64 0 3
65 0 3
66 0 3
67 0 3
68 0 3
69 3 3
70 1 3
71 1 3
72 0 3
73 1 3
74 3 3
75 1 3
76 3 3
77 0 3
78 0 3
79 0 3
80 5 5
81 0 5
82 0 5
83 1 5
84 0 5
85 1 5
86 0 5
87 0 5
88 0 5
89 0 5
90 0 5
91 0 5
92 0 5
93 0 5
94 0 5
95 0 5
96 0 5
97 0 5
98 0 5
99 0 5
100 0 5
101 0 5
102 0 5
103 0 5
104 1 5
105 0 5
106 0 5
107 0 5
108 1 5
109 1 5
110 1 5
111 0 5
112 0 5
113 0 5
114 0 5
115 0 5
116 0 5
117 0 5
118 0 5
119 1 5
120 0 5
121 0 5
122 0 5
123 0 5
124 0 5
125 0 5
126 0 5
127 0 5
128 0 5
129 0 5
130 0 5
131 0 5
132 0 5
133 0 5
134 0 5
135 0 5
136 0 5
137 0 5
138 0 5
139 3 5
140 0 5
141 0 5
142 1 5
143 0 5
144 0 5
145 0 5
146 3 5
147 0 5
148 0 5
149 0 5
150 0 5
151 0 5
152 0 5
153 0 5
154 0 5
155 1 5
156 0 5
157 0 5
158 0 5
159 0 5
160 0 5
161 0 5
162 0 5
163 0 5
164 0 5
165 0 5
166 0 5
167 0 5
168 1 5
169 0 5
170 0 5
171 1 5
172 0 5
173 5 5
174 0 5
175 0 5
176 0 5
177 0 5
178 0 5
179 0 5
180 3 5
181 0 5
182 0 5
183 1 5
184 0 5
185 0 5
186 3 5
187 0 5
188 0 5
189 0 5
190 2 5
191 0 5
192 0 5
193 0 5
194 3 5
195 2 5
196 0 5
197 0 5
198 2 5
199 0 5
200 0 5
201 1 5
202 0 5
203 1 5
204 1 5
205 0 5
206 0 5
207 0 5
208 0 5
209 0 5
210 0 5
211 0 5
212 0 5
213 0 5
214 0 5
215 0 5
216 0 5
217 1 5
218 0 5
219 0 5
220 0 5
221 0 5
222 0 5
223 0 5
224 0 5
225 0 5
226 0 5
227 0 5
228 0 5
229 0 5
230 0 5
231 0 5
232 0 5
233 0 5
234 2 5
235 0 5
236 1 5
237 0 5
238 0 5
239 0 5
240 0 5
241 0 5
242 0 5
243 0 5
244 0 5
245 1 5
246 1 5
247 0 5
248 0 5
249 0 5
250 0 5
251 0 5
252 0 5
253 1 5
254 1 5
255 0 5
256 0 5
257 0 5
258 0 5
259 0 5
260 0 5
261 0 5
262 0 5
263 1 5
264 0 5
265 1 5
266 0 5
267 0 5
268 0 5
269 1 5
270 0 5
271 0 5
272 0 5
273 0 5
274 0 5
275 1 5
276 0 5
277 0 5
278 0 5
279 0 5
280 0 5
281 0 5
282 0 5
283 0 5
284 0 5
285 0 5
286 0 5
287 0 5
288 0 5
289 0 5
290 0 5
291 0 5
292 0 5
293 0 5
294 0 5
295 0 5
296 0 5
297 0 5
298 0 5
299 0 5
300 0 5
301 0 5
