1 0 0
2 1 1
3 0 1
4 0 1
5 0 1
6 0 1
7 0 1
8 0 1
9 0 1
10 0 1
11 0 1
12 1 1
13 0 1
14 0 1
15 0 1
16 0 1
17 0 1
18 0 1
19 2 2
20 1 2
21 0 2
22 0 2
23 0 2
24 0 2
25 1 2
26 1 2
27 0 2
28 0 2
29 0 2
30 0 2
31 0 2
32 0 2
33 0 2
34 2 2
35 0 2
36 1 2
37 0 2
38 1 2
39 1 2
40 1 2
41 0 2
42 1 2
43 0 2
44 2 2
45 0 2
46 0 2
47 0 2
48 1 2
49 1 2
50 0 2
51 0 2
52 0 2
53 2 2
54 0 2
55 0 2
56 1 2
57 0 2
58 0 2
59 0 2
60 1 2
61 0 2
62 0 2
63 1 2
64 0 2
65 1 2
66 0 2
67 0 2
68 0 2
69 3 3
70 0 3
71 3 3
72 2 3
73 1 3
74 6 6
75 2 6
76 1 6
77 0 6
78 15 15
79 8 15
80 1 15
81 7 15
82 4 15
83 0 15
84 4 15
85 8 15
86 2 15
87 1 15
88 1 15
89 0 15
90 1 15
91 5 15
92 0 15
93 10 15
94 0 15
95 1 15
96 2 15
97 0 15
98 0 15
99 2 15
100 0 15
101 0 15
102 1 15
103 0 15
104 1 15
105 0 15
106 0 15
107 0 15
108 0 15
109 0 15
110 0 15
111 0 15
112 0 15
113 0 15
114 0 15
115 0 15
116 2 15
117 2 15
118 0 15
119 1 15
120 0 15
121 1 15
122 0 15
123 0 15
124 1 15
125 0 15
126 0 15
127 0 15
128 0 15
129 0 15
130 3 15
131 2 15
132 2 15
133 1 15
134 2 15
135 0 15
136 2 15
137 1 15
138 3 15
139 1 15
140 0 15
141 0 15
142 0 15
143 0 15
144 0 15
145 1 15
146 0 15
147 1 15
148 0 15
149 8 15
150 2 15
151 6 15
152 1 15
153 0 15
154 0 15
155 0 15
156 0 15
157 3 15
158 1 15
159 0 15
160 11 15
161 2 15
162 0 15
163 1 15
164 4 15
165 12 15
166 10 15
167 0 15
168 2 15
169 10 15
170 4 15
171 1 15
172 10 15
173 1 15
174 4 15
175 10 15
176 3 15
177 0 15
178 1 15
179 16 16
180 4 16
181 6 16
182 10 16
183 6 16
184 1 16
185 3 16
186 1 16
187 0 16
188 2 16
189 4 16
190 25 25
191 59 59
192 4 59
193 7 59
194 28 59
195 24 59
196 19 59
197 19 59
198 55 59
199 20 59
200 26 59
201 32 59
202 20 59
203 22 59
204 27 59
205 13 59
206 10 59
207 23 59
208 6 59
209 20 59
210 15 59
211 49 59
212 14 59
213 6 59
214 2 59
215 22 59
216 26 59
217 18 59
218 35 59
219 6 59
220 6 59
221 5 59
222 9 59
223 21 59
224 34 59
225 9 59
226 1 59
227 3 59
228 13 59
229 19 59
230 18 59
231 5 59
232 19 59
233 43 59
234 10 59
235 41 59
236 39 59
237 6 59
238 3 59
239 0 59
240 1 59
241 45 59
242 14 59
243 12 59
244 21 59
245 23 59
246 15 59
247 22 59
248 5 59
249 0 59
250 7 59
251 3 59
252 15 59
253 10 59
254 15 59
255 23 59
256 5 59
257 6 59
258 12 59
259 13 59
260 13 59
261 2 59
262 12 59
263 3 59
264 9 59
265 38 59
266 42 59
267 38 59
268 26 59
269 27 59
270 6 59
271 1 59
272 19 59
273 43 59
274 51 59
275 0 59
276 43 59
277 25 59
278 4 59
279 24 59
280 23 59
281 12 59
282 20 59
283 18 59
284 43 59
285 21 59
286 12 59
287 23 59
288 30 59
289 17 59
290 34 59
291 36 59
292 18 59
293 46 59
294 17 59
295 24 59
296 15 59
297 55 59
298 31 59
299 44 59
300 36 59
301 18 59
