1 0 0
2 0 0
3 0 0
4 0 0
5 0 0
6 0 0
7 0 0
8 0 0
9 0 0
10 0 0
11 0 0
12 2 2
13 0 2
14 0 2
15 0 2
16 0 2
17 0 2
18 0 2
19 0 2
20 0 2
21 0 2
22 1 2
23 0 2
24 0 2
25 0 2
26 1 2
27 1 2
28 0 2
29 1 2
30 0 2
31 0 2
32 0 2
33 1 2
34 1 2
35 0 2
36 0 2
37 1 2
38 1 2
39 0 2
40 0 2
41 1 2
42 0 2
43 0 2
44 0 2
45 0 2
46 1 2
47 0 2
48 0 2
49 0 2
50 1 2
51 1 2
52 0 2
53 1 2
54 0 2
55 1 2
56 1 2
57 0 2
58 0 2
59 2 2
60 0 2
61 0 2
62 0 2
63 0 2
64 0 2
65 0 2
66 0 2
67 0 2
68 0 2
69 0 2
70 0 2
71 0 2
72 0 2
73 0 2
74 0 2
75 0 2
76 0 2
77 0 2
78 0 2
79 0 2
80 0 2
81 0 2
82 0 2
83 0 2
84 0 2
85 0 2
86 0 2
87 0 2
88 0 2
89 0 2
90 4 4
91 0 4
92 0 4
93 0 4
94 0 4
95 0 4
96 0 4
97 0 4
98 0 4
99 2 4
100 0 4
101 0 4
102 0 4
103 0 4
104 2 4
105 4 4
106 2 4
107 0 4
108 0 4
109 0 4
110 0 4
111 0 4
112 1 4
113 0 4
114 0 4
115 0 4
116 1 4
117 0 4
118 0 4
119 0 4
120 2 4
121 0 4
122 1 4
123 0 4
124 0 4
125 0 4
126 0 4
127 0 4
128 1 4
129 0 4
130 0 4
131 1 4
132 0 4
133 0 4
134 0 4
135 1 4
136 0 4
137 0 4
138 0 4
139 0 4
140 0 4
141 0 4
142 0 4
143 0 4
144 0 4
145 0 4
146 0 4
147 0 4
148 0 4
149 0 4
150 0 4
151 0 4
152 0 4
153 0 4
154 0 4
155 0 4
156 0 4
157 0 4
158 0 4
159 0 4
160 0 4
161 0 4
162 0 4
163 0 4
164 0 4
165 0 4
166 0 4
167 0 4
168 0 4
169 0 4
170 0 4
171 0 4
172 0 4
173 0 4
174 0 4
175 0 4
176 0 4
177 0 4
178 2 4
179 0 4
180 0 4
181 0 4
182 0 4
183 0 4
184 0 4
185 0 4
186 0 4
187 0 4
188 0 4
189 3 4
190 0 4
191 1 4
192 2 4
193 0 4
194 0 4
195 0 4
196 1 4
197 0 4
198 0 4
199 0 4
200 0 4
201 0 4
202 0 4
203 0 4
204 0 4
205 0 4
206 0 4
207 0 4
208 0 4
209 0 4
210 0 4
211 0 4
212 0 4
213 0 4
214 0 4
215 0 4
216 0 4
217 0 4
218 0 4
219 0 4
220 0 4
221 0 4
222 0 4
223 0 4
224 0 4
225 0 4
226 0 4
227 0 4
228 0 4
229 0 4
230 0 4
231 0 4
232 0 4
233 0 4
234 0 4
235 0 4
236 0 4
237 0 4
238 0 4
239 0 4
240 0 4
241 0 4
242 0 4
243 0 4
244 0 4
245 0 4
246 0 4
247 0 4
248 0 4
249 0 4
250 0 4
251 0 4
252 0 4
253 0 4
254 0 4
255 0 4
256 0 4
257 0 4
258 0 4
259 0 4
260 0 4
261 0 4
262 0 4
263 0 4
264 0 4
265 0 4
266 0 4
267 0 4
268 1 4
269 0 4
270 0 4
271 0 4
272 0 4
273 0 4
274 0 4
275 0 4
276 0 4
277 0 4
278 0 4
279 0 4
280 0 4
281 0 4
282 0 4
283 0 4
284 0 4
285 0 4
286 0 4
287 0 4
288 0 4
289 0 4
290 0 4
291 0 4
292 0 4
293 0 4
294 0 4
295 0 4
296 0 4
297 0 4
298 0 4
299 0 4
300 0 4
301 0 4
