1 0 0
2 0 0
3 0 0
4 0 0
5 0 0
6 1 1
7 0 1
8 0 1
9 0 1
10 0 1
11 0 1
12 0 1
13 0 1
14 0 1
15 0 1
16 0 1
17 0 1
18 0 1
19 0 1
20 0 1
21 0 1
22 0 1
23 0 1
24 1 1
25 0 1
26 0 1
27 0 1
28 0 1
29 1 1
30 0 1
31 1 1
32 0 1
33 0 1
34 0 1
35 0 1
36 0 1
37 0 1
38 0 1
39 0 1
40 0 1
41 0 1
42 0 1
43 0 1
44 0 1
45 0 1
46 0 1
47 0 1
48 0 1
49 0 1
50 0 1
51 0 1
52 1 1
53 0 1
54 0 1
55 0 1
56 0 1
57 0 1
58 0 1
59 0 1
60 0 1
61 0 1
62 0 1
63 1 1
64 0 1
65 0 1
66 1 1
67 1 1
68 1 1
69 0 1
70 1 1
71 0 1
72 1 1
73 3 3
74 0 3
75 1 3
76 3 3
77 0 3
78 8 8
79 0 8
80 0 8
81 2 8
82 0 8
83 1 8
84 0 8
85 0 8
86 1 8
87 16 16
88 0 16
89 2 16
90 0 16
91 10 16
92 0 16
93 2 16
94 0 16
95 2 16
96 2 16
97 0 16
98 6 16
99 1 16
100 1 16
101 0 16
102 1 16
103 12 16
104 3 16
105 3 16
106 4 16
107 4 16
108 2 16
109 8 16
110 0 16
111 6 16
112 6 16
113 0 16
114 5 16
115 4 16
116 1 16
117 2 16
118 0 16
119 0 16
120 0 16
121 0 16
122 1 16
123 0 16
124 0 16
125 1 16
126 0 16
127 0 16
128 0 16
129 2 16
130 3 16
131 6 16
132 0 16
133 0 16
134 0 16
135 0 16
136 3 16
137 0 16
138 1 16
139 0 16
140 0 16
141 0 16
142 1 16
143 0 16
144 0 16
145 0 16
146 1 16
147 0 16
148 1 16
149 1 16
150 0 16
151 1 16
152 1 16
153 1 16
154 0 16
155 0 16
156 6 16
157 0 16
158 1 16
159 6 16
160 0 16
161 0 16
162 2 16
163 2 16
164 0 16
165 0 16
166 0 16
167 2 16
168 0 16
169 0 16
170 2 16
171 1 16
172 1 16
173 2 16
174 1 16
175 0 16
176 0 16
177 1 16
178 0 16
179 6 16
180 13 16
181 1 16
182 4 16
183 1 16
184 1 16
185 1 16
186 4 16
187 0 16
188 7 16
189 2 16
190 1 16
191 0 16
192 0 16
193 1 16
194 4 16
195 2 16
196 4 16
197 2 16
198 1 16
199 0 16
200 11 16
201 1 16
202 7 16
203 6 16
204 6 16
205 0 16
206 0 16
207 3 16
208 3 16
209 0 16
210 2 16
211 7 16
212 2 16
213 2 16
214 9 16
215 10 16
216 7 16
217 6 16
218 15 16
219 4 16
220 3 16
221 4 16
222 2 16
223 10 16
224 29 29
225 16 29
226 22 29
227 5 29
228 8 29
229 1 29
230 6 29
231 10 29
232 0 29
233 16 29
234 23 29
235 16 29
236 31 31
237 22 31
238 13 31
239 12 31
240 15 31
241 10 31
242 24 31
243 8 31
244 20 31
245 11 31
246 30 31
247 12 31
248 11 31
249 17 31
250 14 31
251 31 31
252 30 31
253 0 31
254 5 31
255 5 31
256 8 31
257 2 31
258 26 31
259 35 35
260 12 35
261 6 35
262 1 35
263 0 35
264 4 35
265 0 35
266 3 35
267 1 35
268 3 35
269 20 35
270 12 35
271 14 35
272 1 35
273 9 35
274 13 35
275 8 35
276 7 35
277 20 35
278 21 35
279 8 35
280 17 35
281 20 35
282 30 35
283 13 35
284 8 35
285 15 35
286 15 35
287 0 35
288 9 35
289 17 35
290 18 35
291 13 35
292 14 35
293 4 35
294 2 35
295 20 35
296 40 40
297 9 40
298 7 40
299 29 40
300 18 40
301 7 40
