1 0 0
2 0 0
3 0 0
4 0 0
5 1 1
6 0 1
7 0 1
8 0 1
9 0 1
10 0 1
11 0 1
12 2 2
13 0 2
14 1 2
15 1 2
16 1 2
17 0 2
18 0 2
19 0 2
20 2 2
21 0 2
22 0 2
23 1 2
24 0 2
25 0 2
26 0 2
27 1 2
28 0 2
29 0 2
30 0 2
31 1 2
32 1 2
33 1 2
34 2 2
35 0 2
36 0 2
37 0 2
38 1 2
39 0 2
40 0 2
41 2 2
42 2 2
43 0 2
44 1 2
45 0 2
46 1 2
47 0 2
48 0 2
49 1 2
50 1 2
51 0 2
52 0 2
53 0 2
54 1 2
55 0 2
56 0 2
57 0 2
58 2 2
59 1 2
60 1 2
61 1 2
62 1 2
63 0 2
64 0 2
65 0 2
66 0 2
67 0 2
68 0 2
69 0 2
70 0 2
71 2 2
72 2 2
73 1 2
74 0 2
75 0 2
76 1 2
77 0 2
78 0 2
79 0 2
80 5 5
81 0 5
82 0 5
83 0 5
84 0 5
85 0 5
86 0 5
87 0 5
88 0 5
89 1 5
90 0 5
91 0 5
92 0 5
93 0 5
94 1 5
95 1 5
96 0 5
97 0 5
98 4 5
99 0 5
100 0 5
101 0 5
102 9 9
103 3 9
104 1 9
105 0 9
106 1 9
107 9 9
108 0 9
109 2 9
110 3 9
111 6 9
112 21 21
113 13 21
114 6 21
115 0 21
116 7 21
117 0 21
118 0 21
119 11 21
120 0 21
121 6 21
122 1 21
123 2 21
124 0 21
125 0 21
126 11 21
127 5 21
128 0 21
129 0 21
130 0 21
131 4 21
132 0 21
133 9 21
134 9 21
135 0 21
136 9 21
137 1 21
138 8 21
139 3 21
140 11 21
141 8 21
142 1 21
143 1 21
144 8 21
145 1 21
146 2 21
147 3 21
148 7 21
149 1 21
150 16 21
151 6 21
152 9 21
153 0 21
154 0 21
155 8 21
156 8 21
157 3 21
158 0 21
159 1 21
160 3 21
161 1 21
162 3 21
163 6 21
164 6 21
165 10 21
166 17 21
167 15 21
168 10 21
169 12 21
170 8 21
171 7 21
172 15 21
173 10 21
174 11 21
175 26 26
176 18 26
177 14 26
178 1 26
179 26 26
180 25 26
181 19 26
182 17 26
183 5 26
184 7 26
185 18 26
186 18 26
187 21 26
188 11 26
189 7 26
190 4 26
191 3 26
192 0 26
193 18 26
194 15 26
195 34 34
196 18 34
197 15 34
198 15 34
199 10 34
200 10 34
201 19 34
202 23 34
203 9 34
204 30 34
205 14 34
206 14 34
207 7 34
208 8 34
209 28 34
210 26 34
211 12 34
212 8 34
213 20 34
214 7 34
215 20 34
216 6 34
217 15 34
218 18 34
219 9 34
220 14 34
221 35 35
222 7 35
223 30 35
224 7 35
225 22 35
226 25 35
227 38 38
228 24 38
229 11 38
230 17 38
231 19 38
232 19 38
233 13 38
234 19 38
235 18 38
236 20 38
237 16 38
238 9 38
239 21 38
240 15 38
241 29 38
242 17 38
243 10 38
244 16 38
245 18 38
246 9 38
247 10 38
248 24 38
249 15 38
250 9 38
251 21 38
252 22 38
253 23 38
254 21 38
255 13 38
256 15 38
257 32 38
258 13 38
259 24 38
260 23 38
261 5 38
262 18 38
263 10 38
264 7 38
265 7 38
266 21 38
267 5 38
268 10 38
269 13 38
270 14 38
271 19 38
272 13 38
273 12 38
274 8 38
275 2 38
276 4 38
277 19 38
278 16 38
279 5 38
280 12 38
281 29 38
282 29 38
283 28 38
284 11 38
285 2 38
286 4 38
287 1 38
288 34 38
289 20 38
290 18 38
291 6 38
292 16 38
293 1 38
294 33 38
295 17 38
296 16 38
297 15 38
298 33 38
299 5 38
300 16 38
301 9 38
