1 0 0
2 0 0
3 0 0
4 0 0
5 0 0
6 0 0
7 0 0
8 0 0
9 0 0
10 0 0
11 1 1
12 1 1
13 0 1
14 2 2
15 0 2
16 0 2
17 0 2
18 1 2
19 0 2
20 0 2
21 1 2
22 0 2
23 0 2
24 1 2
25 0 2
26 0 2
27 0 2
28 0 2
29 1 2
30 0 2
31 1 2
32 1 2
33 0 2
34 0 2
35 0 2
36 0 2
37 1 2
38 0 2
39 0 2
40 1 2
41 0 2
42 1 2
43 0 2
44 1 2
45 0 2
46 1 2
47 1 2
48 0 2
49 0 2
50 0 2
51 1 2
52 0 2
53 2 2
54 2 2
55 2 2
56 0 2
57 1 2
58 0 2
59 0 2
60 2 2
61 0 2
62 0 2
63 0 2
64 0 2
65 0 2
66 0 2
67 0 2
68 2 2
69 0 2
70 0 2
71 0 2
72 2 2
73 0 2
74 2 2
75 1 2
76 4 4
77 1 4
78 1 4
79 0 4
80 0 4
81 0 4
82 0 4
83 0 4
84 0 4
85 0 4
86 0 4
87 0 4
88 0 4
89 0 4
90 0 4
91 0 4
92 1 4
93 2 4
94 1 4
95 0 4
96 0 4
97 0 4
98 0 4
99 0 4
100 0 4
101 5 5
102 0 5
103 0 5
104 0 5
105 2 5
106 0 5
107 0 5
108 1 5
109 0 5
110 1 5
111 0 5
112 0 5
113 0 5
114 0 5
115 1 5
116 0 5
117 0 5
118 3 5
119 0 5
120 1 5
121 0 5
122 0 5
123 0 5
124 0 5
125 0 5
126 0 5
127 1 5
128 1 5
129 0 5
130 1 5
131 0 5
132 0 5
133 0 5
134 1 5
135 0 5
136 0 5
137 0 5
138 0 5
139 1 5
140 2 5
141 0 5
142 1 5
143 0 5
144 0 5
145 0 5
146 0 5
147 0 5
148 1 5
149 0 5
150 0 5
151 0 5
152 0 5
153 0 5
154 0 5
155 0 5
156 0 5
157 0 5
158 0 5
159 4 5
160 1 5
161 1 5
162 0 5
163 0 5
164 2 5
165 1 5
166 1 5
167 0 5
168 1 5
169 0 5
170 0 5
171 0 5
172 0 5
173 5 5
174 3 5
175 0 5
176 0 5
177 3 5
178 0 5
179 0 5
180 0 5
181 0 5
182 0 5
183 1 5
184 0 5
185 0 5
186 0 5
187 0 5
188 0 5
189 0 5
190 0 5
191 0 5
192 1 5
193 1 5
194 2 5
195 0 5
196 1 5
197 1 5
198 0 5
199 0 5
200 4 5
201 0 5
202 0 5
203 0 5
204 0 5
205 0 5
206 0 5
207 0 5
208 11 11
209 0 11
210 0 11
211 0 11
212 2 11
213 0 11
214 0 11
215 0 11
216 0 11
217 0 11
218 1 11
219 9 11
220 0 11
221 0 11
222 0 11
223 1 11
224 0 11
225 6 11
226 0 11
227 0 11
228 1 11
229 2 11
230 0 11
231 0 11
232 0 11
233 6 11
234 1 11
235 4 11
236 4 11
237 2 11
238 0 11
239 0 11
240 1 11
241 3 11
242 0 11
243 6 11
244 6 11
245 2 11
246 4 11
247 3 11
248 14 14
249 1 14
250 0 14
251 0 14
252 1 14
253 2 14
254 2 14
255 10 14
256 0 14
257 0 14
258 0 14
259 0 14
260 2 14
261 0 14
262 0 14
263 0 14
264 0 14
265 1 14
266 9 14
267 0 14
268 0 14
269 0 14
270 0 14
271 11 14
272 23 23
273 6 23
274 1 23
275 2 23
276 3 23
277 1 23
278 1 23
279 0 23
280 0 23
281 4 23
282 2 23
283 4 23
284 1 23
285 9 23
286 0 23
287 10 23
288 5 23
289 0 23
290 0 23
291 0 23
292 3 23
293 0 23
294 0 23
295 0 23
296 12 23
297 0 23
298 8 23
299 29 29
300 37 37
301 19 37
