1 0 0
2 0 0
3 0 0
4 0 0
5 0 0
6 0 0
7 1 1
8 0 1
9 0 1
10 0 1
11 1 1
12 0 1
13 0 1
14 0 1
15 0 1
16 0 1
17 0 1
18 0 1
19 1 1
20 1 1
21 0 1
22 0 1
23 0 1
24 0 1
25 0 1
26 1 1
27 0 1
28 0 1
29 1 1
30 0 1
31 0 1
32 0 1
33 1 1
34 0 1
35 0 1
36 2 2
37 0 2
38 0 2
39 0 2
40 1 2
41 1 2
42 1 2
43 0 2
44 1 2
45 0 2
46 1 2
47 1 2
48 0 2
49 0 2
50 1 2
51 1 2
52 1 2
53 0 2
54 2 2
55 0 2
56 1 2
57 0 2
58 2 2
59 0 2
60 0 2
61 0 2
62 0 2
63 0 2
64 3 3
65 1 3
66 1 3
67 0 3
68 1 3
69 1 3
70 0 3
71 0 3
72 2 3
73 2 3
74 3 3
75 6 6
76 0 6
77 0 6
78 0 6
79 0 6
80 0 6
81 0 6
82 1 6
83 1 6
84 1 6
85 0 6
86 0 6
87 0 6
88 0 6
89 1 6
90 0 6
91 1 6
92 0 6
93 0 6
94 5 6
95 2 6
96 3 6
97 0 6
98 5 6
99 0 6
100 0 6
101 0 6
102 8 8
103 2 8
104 15 15
105 0 15
106 0 15
107 0 15
108 0 15
109 0 15
110 3 15
111 1 15
112 0 15
113 7 15
114 0 15
115 1 15
116 0 15
117 2 15
118 1 15
119 0 15
120 1 15
121 0 15
122 0 15
123 22 22
124 4 22
125 4 22
126 0 22
127 6 22
128 0 22
129 1 22
130 1 22
131 0 22
132 0 22
133 0 22
134 0 22
135 0 22
136 1 22
137 6 22
138 7 22
139 4 22
140 18 22
141 10 22
142 1 22
143 0 22
144 0 22
145 11 22
146 0 22
147 11 22
148 25 25
149 5 25
150 15 25
151 23 25
152 49 49
153 9 49
154 11 49
155 25 49
156 6 49
157 0 49
158 8 49
159 3 49
160 0 49
161 1 49
162 39 49
163 4 49
164 0 49
165 20 49
166 47 49
167 24 49
168 0 49
169 27 49
170 21 49
171 31 49
172 8 49
173 6 49
174 10 49
175 28 49
176 30 49
177 18 49
178 4 49
179 27 49
180 34 49
181 2 49
182 14 49
183 31 49
184 29 49
185 11 49
186 14 49
187 32 49
188 26 49
189 7 49
190 52 52
191 12 52
192 19 52
193 15 52
194 54 54
195 13 54
196 18 54
197 18 54
198 21 54
199 16 54
200 6 54
201 35 54
202 12 54
203 21 54
204 33 54
205 19 54
206 17 54
207 7 54
208 42 54
209 17 54
210 29 54
211 64 64
212 32 64
213 49 64
214 7 64
215 22 64
216 26 64
217 12 64
218 12 64
219 23 64
220 28 64
221 30 64
222 17 64
223 18 64
224 42 64
225 20 64
226 3 64
227 0 64
228 24 64
229 34 64
230 21 64
231 15 64
232 30 64
233 30 64
234 10 64
235 32 64
236 32 64
237 19 64
238 22 64
239 58 64
240 22 64
241 53 64
242 7 64
243 28 64
244 32 64
245 32 64
246 35 64
247 30 64
248 15 64
249 11 64
250 16 64
251 1 64
252 20 64
253 14 64
254 17 64
255 42 64
256 18 64
257 0 64
258 27 64
259 44 64
260 14 64
261 45 64
262 24 64
263 11 64
264 20 64
265 3 64
266 7 64
267 24 64
268 36 64
269 19 64
270 44 64
271 31 64
272 27 64
273 45 64
274 9 64
275 34 64
276 17 64
277 21 64
278 22 64
279 31 64
280 39 64
281 3 64
282 0 64
283 30 64
284 44 64
285 27 64
286 25 64
287 12 64
288 13 64
289 15 64
290 23 64
291 23 64
292 29 64
293 20 64
294 16 64
295 16 64
296 35 64
297 22 64
298 23 64
299 11 64
300 20 64
301 12 64
