1 0 0
2 0 0
3 0 0
4 0 0
5 0 0
6 0 0
7 1 1
8 1 1
9 0 1
10 0 1
11 1 1
12 0 1
13 0 1
14 0 1
15 0 1
16 1 1
17 0 1
18 0 1
19 1 1
20 0 1
21 0 1
22 0 1
23 0 1
24 0 1
25 1 1
26 0 1
27 1 1
28 0 1
29 1 1
30 0 1
31 0 1
32 0 1
33 0 1
34 0 1
35 0 1
36 0 1
37 0 1
38 1 1
39 1 1
40 0 1
41 1 1
42 0 1
43 2 2
44 0 2
45 0 2
46 1 2
47 2 2
48 0 2
49 0 2
50 0 2
51 0 2
52 0 2
53 0 2
54 0 2
55 0 2
56 0 2
57 0 2
58 0 2
59 0 2
60 0 2
61 1 2
62 0 2
63 0 2
64 0 2
65 0 2
66 1 2
67 0 2
68 1 2
69 0 2
70 0 2
71 1 2
72 0 2
73 0 2
74 0 2
75 0 2
76 1 2
77 0 2
78 0 2
79 0 2
80 2 2
81 0 2
82 0 2
83 0 2
84 0 2
85 0 2
86 0 2
87 0 2
88 0 2
89 0 2
90 1 2
91 0 2
92 0 2
93 0 2
94 0 2
95 0 2
96 0 2
97 0 2
98 0 2
99 1 2
100 0 2
101 0 2
102 0 2
103 0 2
104 0 2
105 0 2
106 0 2
107 0 2
108 0 2
109 0 2
110 0 2
111 0 2
112 0 2
113 0 2
114 0 2
115 0 2
116 0 2
117 0 2
118 0 2
119 0 2
120 0 2
121 0 2
122 0 2
123 0 2
124 0 2
125 0 2
126 0 2
127 0 2
128 0 2
129 0 2
130 0 2
131 0 2
132 0 2
133 0 2
134 0 2
135 0 2
136 0 2
137 0 2
138 0 2
139 0 2
140 0 2
141 0 2
142 0 2
143 0 2
144 0 2
145 0 2
146 0 2
147 0 2
148 1 2
149 0 2
150 0 2
151 0 2
152 0 2
153 0 2
154 0 2
155 0 2
156 0 2
157 0 2
158 0 2
159 0 2
160 0 2
161 0 2
162 0 2
163 0 2
164 0 2
165 1 2
166 1 2
167 0 2
168 0 2
169 0 2
170 0 2
171 0 2
172 0 2
173 0 2
174 0 2
175 0 2
176 0 2
177 0 2
178 0 2
179 0 2
180 0 2
181 0 2
182 0 2
183 0 2
184 0 2
185 0 2
186 0 2
187 0 2
188 0 2
189 0 2
190 1 2
191 1 2
192 0 2
193 0 2
194 0 2
195 0 2
196 0 2
197 0 2
198 0 2
199 0 2
200 0 2
201 0 2
202 0 2
203 0 2
204 0 2
205 0 2
206 0 2
207 0 2
208 0 2
209 0 2
210 0 2
211 0 2
212 0 2
213 0 2
214 0 2
215 0 2
216 0 2
217 0 2
218 0 2
219 0 2
220 0 2
221 0 2
222 0 2
223 0 2
224 0 2
225 0 2
226 0 2
227 0 2
228 0 2
229 0 2
230 1 2
231 0 2
232 0 2
233 0 2
234 0 2
235 0 2
236 0 2
237 0 2
238 0 2
239 0 2
240 0 2
241 0 2
242 0 2
243 0 2
244 0 2
245 0 2
246 1 2
247 0 2
248 0 2
249 0 2
250 0 2
251 0 2
252 1 2
253 0 2
254 0 2
255 0 2
256 0 2
257 0 2
258 0 2
259 0 2
260 0 2
261 0 2
262 0 2
263 0 2
264 0 2
265 0 2
266 0 2
267 0 2
268 1 2
269 0 2
270 0 2
271 1 2
272 1 2
273 0 2
274 0 2
275 0 2
276 0 2
277 0 2
278 0 2
279 0 2
280 2 2
281 0 2
282 0 2
283 0 2
284 0 2
285 1 2
286 0 2
287 0 2
288 0 2
289 3 3
290 0 3
291 0 3
292 0 3
293 0 3
294 0 3
295 0 3
296 0 3
297 0 3
298 1 3
299 0 3
300 0 3
301 1 3
