1 0 0
2 0 0
3 0 0
4 0 0
5 0 0
6 0 0
7 0 0
8 0 0
9 0 0
10 0 0
11 0 0
12 0 0
13 0 0
14 0 0
15 0 0
16 0 0
17 0 0
18 1 1
19 1 1
20 0 1
21 0 1
22 0 1
23 1 1
24 0 1
25 1 1
26 0 1
27 0 1
28 0 1
29 0 1
30 0 1
31 0 1
32 0 1
33 0 1
34 0 1
35 0 1
36 0 1
37 0 1
38 1 1
39 0 1
40 0 1
41 0 1
42 0 1
43 1 1
44 0 1
45 0 1
46 1 1
47 1 1
48 1 1
49 0 1
50 0 1
51 0 1
52 0 1
53 0 1
54 0 1
55 0 1
56 0 1
57 0 1
58 0 1
59 1 1
60 1 1
61 0 1
62 1 1
63 0 1
64 1 1
65 0 1
66 0 1
67 0 1
68 0 1
69 0 1
70 0 1
71 0 1
72 2 2
73 1 2
74 0 2
75 0 2
76 1 2
77 0 2
78 1 2
79 1 2
80 0 2
81 0 2
82 0 2
83 0 2
84 1 2
85 1 2
86 0 2
87 0 2
88 0 2
89 3 3
90 0 3
91 0 3
92 0 3
93 0 3
94 0 3
95 0 3
96 0 3
97 0 3
98 0 3
99 0 3
100 0 3
101 0 3
102 0 3
103 0 3
104 0 3
105 0 3
106 0 3
107 0 3
108 3 3
109 0 3
110 0 3
111 0 3
112 0 3
113 0 3
114 0 3
115 0 3
116 0 3
117 0 3
118 0 3
119 0 3
120 0 3
121 0 3
122 0 3
123 0 3
124 0 3
125 1 3
126 0 3
127 0 3
128 0 3
129 0 3
130 0 3
131 0 3
132 0 3
133 0 3
134 0 3
135 0 3
136 0 3
137 0 3
138 0 3
139 1 3
140 0 3
141 1 3
142 0 3
143 0 3
144 0 3
145 0 3
146 0 3
147 0 3
148 0 3
149 0 3
150 0 3
151 0 3
152 0 3
153 0 3
154 0 3
155 0 3
156 0 3
157 0 3
158 0 3
159 0 3
160 0 3
161 0 3
162 0 3
163 0 3
164 0 3
165 0 3
166 1 3
167 0 3
168 0 3
169 0 3
170 0 3
171 0 3
172 0 3
173 0 3
174 0 3
175 0 3
176 0 3
177 0 3
178 0 3
179 0 3
180 0 3
181 0 3
182 0 3
183 0 3
184 0 3
185 0 3
186 0 3
187 0 3
188 0 3
189 0 3
190 0 3
191 0 3
192 0 3
193 0 3
194 0 3
195 0 3
196 0 3
197 0 3
198 1 3
199 0 3
200 0 3
201 0 3
202 0 3
203 0 3
204 0 3
205 0 3
206 0 3
207 0 3
208 0 3
209 0 3
210 0 3
211 0 3
212 1 3
213 0 3
214 0 3
215 0 3
216 0 3
217 0 3
218 1 3
219 0 3
220 0 3
221 0 3
222 0 3
223 0 3
224 0 3
225 0 3
226 1 3
227 0 3
228 0 3
229 0 3
230 0 3
231 0 3
232 0 3
233 2 3
234 1 3
235 0 3
236 1 3
237 0 3
238 2 3
239 1 3
240 1 3
241 0 3
242 0 3
243 1 3
244 0 3
245 0 3
246 0 3
247 1 3
248 1 3
249 0 3
250 0 3
251 0 3
252 1 3
253 1 3
254 0 3
255 0 3
256 0 3
257 0 3
258 0 3
259 0 3
260 0 3
261 0 3
262 0 3
263 0 3
264 0 3
265 0 3
266 0 3
267 0 3
268 0 3
269 1 3
270 0 3
271 1 3
272 0 3
273 0 3
274 0 3
275 0 3
276 0 3
277 0 3
278 0 3
279 0 3
280 0 3
281 0 3
282 0 3
283 0 3
284 0 3
285 0 3
286 0 3
287 0 3
288 2 3
289 0 3
290 0 3
291 0 3
292 0 3
293 0 3
294 0 3
295 0 3
296 0 3
297 0 3
298 0 3
299 0 3
300 0 3
301 0 3
