1 0 0
2 0 0
3 0 0
4 0 0
5 1 1
6 0 1
7 0 1
8 0 1
9 0 1
10 0 1
11 0 1
12 0 1
13 0 1
14 0 1
15 1 1
16 0 1
17 0 1
18 0 1
19 1 1
20 0 1
21 0 1
22 0 1
23 0 1
24 0 1
25 0 1
26 0 1
27 0 1
28 0 1
29 1 1
30 0 1
31 1 1
32 1 1
33 0 1
34 0 1
35 0 1
36 0 1
37 0 1
38 0 1
39 1 1
40 1 1
41 0 1
42 1 1
43 0 1
44 0 1
45 0 1
46 0 1
47 0 1
48 0 1
49 0 1
50 0 1
51 0 1
52 0 1
53 0 1
54 0 1
55 0 1
56 0 1
57 0 1
58 0 1
59 0 1
60 0 1
61 1 1
62 1 1
63 1 1
64 1 1
65 0 1
66 0 1
67 0 1
68 1 1
69 0 1
70 0 1
71 0 1
72 0 1
73 1 1
74 0 1
75 1 1
76 0 1
77 0 1
78 0 1
79 0 1
80 0 1
81 0 1
82 0 1
83 0 1
84 0 1
85 0 1
86 0 1
87 0 1
88 0 1
89 0 1
90 0 1
91 0 1
92 0 1
93 0 1
94 0 1
95 0 1
96 0 1
97 0 1
98 0 1
99 0 1
100 0 1
101 0 1
102 0 1
103 0 1
104 0 1
105 0 1
106 0 1
107 0 1
108 0 1
109 0 1
110 0 1
111 0 1
112 1 1
113 0 1
114 0 1
115 0 1
116 0 1
117 0 1
118 0 1
119 0 1
120 0 1
121 0 1
122 0 1
123 6 6
124 0 6
125 0 6
126 10 10
127 0 10
128 0 10
129 0 10
130 0 10
131 0 10
132 0 10
133 0 10
134 0 10
135 0 10
136 0 10
137 0 10
138 0 10
139 0 10
140 0 10
141 0 10
142 0 10
143 0 10
144 0 10
145 0 10
146 0 10
147 0 10
148 0 10
149 0 10
150 0 10
151 0 10
152 0 10
153 0 10
154 0 10
155 1 10
156 0 10
157 1 10
158 0 10
159 0 10
160 0 10
161 0 10
162 0 10
163 0 10
164 0 10
165 0 10
166 0 10
167 1 10
168 0 10
169 0 10
170 0 10
171 0 10
172 0 10
173 0 10
174 0 10
175 0 10
176 0 10
177 2 10
178 1 10
179 0 10
180 0 10
181 0 10
182 0 10
183 0 10
184 0 10
185 0 10
186 0 10
187 0 10
188 0 10
189 0 10
190 0 10
191 0 10
192 0 10
193 0 10
194 0 10
195 0 10
196 0 10
197 0 10
198 0 10
199 0 10
200 0 10
201 0 10
202 0 10
203 0 10
204 0 10
205 0 10
206 0 10
207 0 10
208 0 10
209 0 10
210 0 10
211 0 10
212 0 10
213 0 10
214 0 10
215 0 10
216 0 10
217 0 10
218 0 10
219 1 10
220 0 10
221 0 10
222 0 10
223 0 10
224 0 10
225 0 10
226 0 10
227 0 10
228 0 10
229 0 10
230 0 10
231 0 10
232 0 10
233 0 10
234 0 10
235 0 10
236 1 10
237 0 10
238 0 10
239 0 10
240 0 10
241 0 10
242 0 10
243 3 10
244 0 10
245 0 10
246 0 10
247 0 10
248 0 10
249 0 10
250 0 10
251 0 10
252 2 10
253 0 10
254 0 10
255 0 10
256 0 10
257 0 10
258 0 10
259 0 10
260 0 10
261 0 10
262 0 10
263 0 10
264 0 10
265 0 10
266 0 10
267 0 10
268 0 10
269 0 10
270 0 10
271 0 10
272 0 10
273 0 10
274 0 10
275 0 10
276 0 10
277 0 10
278 0 10
279 3 10
280 0 10
281 0 10
282 0 10
283 0 10
284 0 10
285 0 10
286 0 10
287 0 10
288 0 10
289 0 10
290 0 10
291 0 10
292 0 10
293 0 10
294 0 10
295 0 10
296 0 10
297 0 10
298 0 10
299 1 10
300 0 10
301 0 10
