1 0 0
2 1 1
3 0 1
4 0 1
5 0 1
6 0 1
7 0 1
8 0 1
9 0 1
10 0 1
11 0 1
12 1 1
13 0 1
14 3 3
15 1 3
16 1 3
17 0 3
18 1 3
19 0 3
20 1 3
21 1 3
22 1 3
23 1 3
24 1 3
25 0 3
26 0 3
27 0 3
28 1 3
29 1 3
30 1 3
31 0 3
32 0 3
33 0 3
34 1 3
35 2 3
36 1 3
37 1 3
38 0 3
39 1 3
40 2 3
41 0 3
42 0 3
43 0 3
44 0 3
45 0 3
46 0 3
47 1 3
48 1 3
49 1 3
50 0 3
51 1 3
52 0 3
53 0 3
54 0 3
55 0 3
56 1 3
57 1 3
58 1 3
59 3 3
60 1 3
61 1 3
62 1 3
63 0 3
64 0 3
65 0 3
66 1 3
67 0 3
68 1 3
69 0 3
70 1 3
71 0 3
72 0 3
73 0 3
74 0 3
75 0 3
76 1 3
77 0 3
78 1 3
79 1 3
80 0 3
81 0 3
82 0 3
83 3 3
84 0 3
85 0 3
86 1 3
87 0 3
88 0 3
89 0 3
90 0 3
91 0 3
92 2 3
93 0 3
94 0 3
95 0 3
96 1 3
97 0 3
98 0 3
99 0 3
100 2 3
101 0 3
102 1 3
103 0 3
104 0 3
105 0 3
106 0 3
107 0 3
108 8 8
109 0 8
110 0 8
111 1 8
112 0 8
113 0 8
114 0 8
115 0 8
116 0 8
117 0 8
118 0 8
119 0 8
120 0 8
121 0 8
122 2 8
123 0 8
124 0 8
125 0 8
126 0 8
127 1 8
128 0 8
129 0 8
130 0 8
131 0 8
132 0 8
133 0 8
134 0 8
135 0 8
136 0 8
137 0 8
138 0 8
139 0 8
140 0 8
141 0 8
142 0 8
143 0 8
144 0 8
145 1 8
146 0 8
147 0 8
148 0 8
149 2 8
150 0 8
151 0 8
152 0 8
153 1 8
154 2 8
155 0 8
156 1 8
157 0 8
158 0 8
159 0 8
160 0 8
161 0 8
162 0 8
163 0 8
164 0 8
165 0 8
166 18 18
167 0 18
168 4 18
169 0 18
170 3 18
171 6 18
172 0 18
173 0 18
174 6 18
175 0 18
176 3 18
177 0 18
178 4 18
179 0 18
180 3 18
181 16 18
182 8 18
183 1 18
184 2 18
185 12 18
186 1 18
187 2 18
188 0 18
189 0 18
190 0 18
191 12 18
192 5 18
193 2 18
194 20 20
195 20 20
196 2 20
197 2 20
198 8 20
199 2 20
200 7 20
201 18 20
202 17 20
203 3 20
204 1 20
205 3 20
206 0 20
207 0 20
208 0 20
209 0 20
210 6 20
211 0 20
212 6 20
213 0 20
214 0 20
215 13 20
216 36 36
217 0 36
218 0 36
219 4 36
220 0 36
221 6 36
222 11 36
223 6 36
224 6 36
225 3 36
226 24 36
227 51 51
228 15 51
229 20 51
230 11 51
231 8 51
232 22 51
233 15 51
234 25 51
235 10 51
236 17 51
237 12 51
238 3 51
239 8 51
240 15 51
241 24 51
242 21 51
243 27 51
244 29 51
245 21 51
246 4 51
247 24 51
248 0 51
249 9 51
250 0 51
251 15 51
252 24 51
253 45 51
254 33 51
255 15 51
256 23 51
257 12 51
258 3 51
259 21 51
260 20 51
261 21 51
262 56 56
263 15 56
264 7 56
265 10 56
266 10 56
267 1 56
268 32 56
269 22 56
270 27 56
271 56 56
272 47 56
273 19 56
274 60 60
275 17 60
276 16 60
277 31 60
278 35 60
279 16 60
280 63 63
281 23 63
282 9 63
283 24 63
284 10 63
285 19 63
286 30 63
287 20 63
288 16 63
289 11 63
290 34 63
291 7 63
292 2 63
293 25 63
294 14 63
295 12 63
296 27 63
297 24 63
298 13 63
299 31 63
300 39 63
301 48 63
302 38 63
303 91 91
304 45 91
305 21 91
306 41 91
307 16 91
308 7 91
309 5 91
310 28 91
311 33 91
312 19 91
313 8 91
314 31 91
315 27 91
316 26 91
317 15 91
318 3 91
319 12 91
320 14 91
321 5 91
322 3 91
323 7 91
324 18 91
325 21 91
326 26 91
327 13 91
328 7 91
329 25 91
330 23 91
331 27 91
332 0 91
333 13 91
334 33 91
335 42 91
336 41 91
337 7 91
338 28 91
339 27 91
340 22 91
341 48 91
342 21 91
343 31 91
344 36 91
345 45 91
346 17 91
347 23 91
348 35 91
349 26 91
350 17 91
351 38 91
352 11 91
353 18 91
354 54 91
355 20 91
356 26 91
357 18 91
358 21 91
359 17 91
360 15 91
361 14 91
362 10 91
363 7 91
364 32 91
365 33 91
366 23 91
367 46 91
368 31 91
369 19 91
370 26 91
371 38 91
372 32 91
373 35 91
374 40 91
375 13 91
376 44 91
377 20 91
378 61 91
379 11 91
380 24 91
381 13 91
382 33 91
383 53 91
384 24 91
385 3 91
386 7 91
387 3 91
388 5 91
389 16 91
390 27 91
391 28 91
392 33 91
393 23 91
394 24 91
395 0 91
396 28 91
397 13 91
398 22 91
399 42 91
400 24 91
401 10 91
402 54 91
403 35 91
404 42 91
405 21 91
406 36 91
407 39 91
408 13 91
409 27 91
410 16 91
411 20 91
412 12 91
413 7 91
414 8 91
415 14 91
416 29 91
417 34 91
418 10 91
419 13 91
420 6 91
421 22 91
422 26 91
423 26 91
424 45 91
425 63 91
426 21 91
427 13 91
428 22 91
429 27 91
430 16 91
431 20 91
432 28 91
433 25 91
434 18 91
435 27 91
436 14 91
437 30 91
438 15 91
439 25 91
440 57 91
441 13 91
442 19 91
443 27 91
444 6 91
445 26 91
446 25 91
447 23 91
448 50 91
449 32 91
450 68 91
451 20 91
452 23 91
453 27 91
454 38 91
455 22 91
456 20 91
457 25 91
458 23 91
459 33 91
460 35 91
461 13 91
462 31 91
463 14 91
464 33 91
465 10 91
466 26 91
467 13 91
468 17 91
469 8 91
470 20 91
471 25 91
472 23 91
473 31 91
474 22 91
475 41 91
476 36 91
477 6 91
478 46 91
479 7 91
480 34 91
481 24 91
482 34 91
483 29 91
484 23 91
485 11 91
486 21 91
487 7 91
488 25 91
489 9 91
490 12 91
491 25 91
492 46 91
493 20 91
494 14 91
495 37 91
496 19 91
497 36 91
498 57 91
499 39 91
500 39 91
501 27 91
502 38 91
503 42 91
504 20 91
505 21 91
506 27 91
507 14 91
508 23 91
509 30 91
510 20 91
511 29 91
512 36 91
513 32 91
514 29 91
515 19 91
516 28 91
517 21 91
518 11 91
519 23 91
520 14 91
521 16 91
522 39 91
523 24 91
524 24 91
525 25 91
526 26 91
527 40 91
528 26 91
529 23 91
530 21 91
531 26 91
532 41 91
533 5 91
534 23 91
535 23 91
536 40 91
537 8 91
538 17 91
539 12 91
540 16 91
541 43 91
542 23 91
543 24 91
544 12 91
545 43 91
546 12 91
547 19 91
548 19 91
549 10 91
550 88 91
551 8 91
552 33 91
553 46 91
554 15 91
555 27 91
556 39 91
557 32 91
558 16 91
559 23 91
560 33 91
561 65 91
562 21 91
563 50 91
564 35 91
565 22 91
566 37 91
567 14 91
568 35 91
569 21 91
570 53 91
571 25 91
572 18 91
573 22 91
574 17 91
575 6 91
576 13 91
577 20 91
578 23 91
579 12 91
580 18 91
581 20 91
582 18 91
583 29 91
584 15 91
585 37 91
586 11 91
587 12 91
588 10 91
589 32 91
590 19 91
591 12 91
592 17 91
593 29 91
594 7 91
595 43 91
596 35 91
597 26 91
598 22 91
599 42 91
600 27 91
601 41 91
602 28 91
603 28 91
604 28 91
605 14 91
606 46 91
607 56 91
608 15 91
609 13 91
610 37 91
611 36 91
612 26 91
613 15 91
614 30 91
615 23 91
616 21 91
617 21 91
618 32 91
619 26 91
620 23 91
621 24 91
622 27 91
623 25 91
624 28 91
625 23 91
626 32 91
627 20 91
628 8 91
629 17 91
630 41 91
631 32 91
632 44 91
633 17 91
634 29 91
635 33 91
636 38 91
637 40 91
638 28 91
639 36 91
640 25 91
641 18 91
642 26 91
643 10 91
644 15 91
645 34 91
646 43 91
647 44 91
648 27 91
649 27 91
650 19 91
651 37 91
652 24 91
653 28 91
654 9 91
655 15 91
656 39 91
657 10 91
658 15 91
659 18 91
660 41 91
661 29 91
662 23 91
663 61 91
664 23 91
665 5 91
666 7 91
667 41 91
668 36 91
669 36 91
670 8 91
671 4 91
672 37 91
673 10 91
674 16 91
675 11 91
676 20 91
677 23 91
678 37 91
679 38 91
680 17 91
681 29 91
682 28 91
683 34 91
684 27 91
685 13 91
686 8 91
687 31 91
688 31 91
689 37 91
690 47 91
691 18 91
692 39 91
693 15 91
694 18 91
695 27 91
696 16 91
697 7 91
698 13 91
699 33 91
700 18 91
701 36 91
702 25 91
703 45 91
704 21 91
705 25 91
706 19 91
707 18 91
708 85 91
709 30 91
710 3 91
711 13 91
712 27 91
713 24 91
714 23 91
715 22 91
716 16 91
717 14 91
718 56 91
719 16 91
720 47 91
721 17 91
722 10 91
723 26 91
724 43 91
725 12 91
726 21 91
727 33 91
728 31 91
729 21 91
730 28 91
731 33 91
732 52 91
733 16 91
734 14 91
735 32 91
736 18 91
737 16 91
738 26 91
739 15 91
740 25 91
741 12 91
742 11 91
743 38 91
744 24 91
745 22 91
746 47 91
747 37 91
748 27 91
749 14 91
750 10 91
751 39 91
752 25 91
753 28 91
754 1 91
755 26 91
756 17 91
757 38 91
758 34 91
759 18 91
760 88 91
761 27 91
762 21 91
763 19 91
764 31 91
765 22 91
766 28 91
767 24 91
768 56 91
769 16 91
770 40 91
771 21 91
772 41 91
773 36 91
774 36 91
775 37 91
776 22 91
777 43 91
778 14 91
779 28 91
780 15 91
781 24 91
782 40 91
783 15 91
784 8 91
785 13 91
786 23 91
787 18 91
788 32 91
789 14 91
790 11 91
791 7 91
792 40 91
793 25 91
794 15 91
795 17 91
796 20 91
797 28 91
798 37 91
799 29 91
800 46 91
801 42 91
802 31 91
803 26 91
804 33 91
805 30 91
806 3 91
807 33 91
808 25 91
809 28 91
810 53 91
811 25 91
812 43 91
813 35 91
814 15 91
815 35 91
816 44 91
817 25 91
818 21 91
819 38 91
820 37 91
821 15 91
822 38 91
823 28 91
824 10 91
825 57 91
826 27 91
827 30 91
828 31 91
829 28 91
830 47 91
831 17 91
832 14 91
833 51 91
834 14 91
835 19 91
836 34 91
837 59 91
838 31 91
839 27 91
840 13 91
841 70 91
842 33 91
843 14 91
844 5 91
845 14 91
846 23 91
847 36 91
848 20 91
849 14 91
850 21 91
851 19 91
852 21 91
853 35 91
854 40 91
855 61 91
856 24 91
857 16 91
858 52 91
859 15 91
860 17 91
861 28 91
862 36 91
863 50 91
864 15 91
865 55 91
866 38 91
867 33 91
868 46 91
869 57 91
870 23 91
871 57 91
872 37 91
873 53 91
874 55 91
875 8 91
876 15 91
877 15 91
878 31 91
879 40 91
880 42 91
881 44 91
882 43 91
883 17 91
884 5 91
885 12 91
886 22 91
887 41 91
888 25 91
889 8 91
890 23 91
891 4 91
892 32 91
893 31 91
894 50 91
895 25 91
896 40 91
897 39 91
898 17 91
899 24 91
900 46 91
901 15 91
902 35 91
903 36 91
904 38 91
905 47 91
906 26 91
907 25 91
908 16 91
909 10 91
910 15 91
911 18 91
912 27 91
913 46 91
914 6 91
915 27 91
916 11 91
917 1 91
918 24 91
919 10 91
920 9 91
921 11 91
922 12 91
923 25 91
924 18 91
925 30 91
926 30 91
927 47 91
928 58 91
929 25 91
930 14 91
931 22 91
932 9 91
933 85 91
934 20 91
935 28 91
936 62 91
937 58 91
938 18 91
939 36 91
940 17 91
941 50 91
942 47 91
943 36 91
944 33 91
945 19 91
946 22 91
947 13 91
948 30 91
949 34 91
950 18 91
951 24 91
952 56 91
953 34 91
954 89 91
955 13 91
956 21 91
957 21 91
958 21 91
959 35 91
960 68 91
961 72 91
962 20 91
963 24 91
964 41 91
965 32 91
966 13 91
967 66 91
968 11 91
969 21 91
970 25 91
971 40 91
972 24 91
973 57 91
974 15 91
975 24 91
976 16 91
977 3 91
978 23 91
979 25 91
980 18 91
981 47 91
982 16 91
983 11 91
984 23 91
985 14 91
986 30 91
987 21 91
988 40 91
989 10 91
990 1 91
991 31 91
992 51 91
993 28 91
994 24 91
995 40 91
996 67 91
997 21 91
998 28 91
999 38 91
1000 12 91
1001 40 91
