1 1 1
2 0 1
3 0 1
4 0 1
5 0 1
6 0 1
7 0 1
8 0 1
9 0 1
10 1 1
11 0 1
12 0 1
13 0 1
14 1 1
15 1 1
16 0 1
17 0 1
18 0 1
19 0 1
20 1 1
21 1 1
22 1 1
23 0 1
24 0 1
25 1 1
26 1 1
27 1 1
28 0 1
29 2 2
30 0 2
31 0 2
32 0 2
33 2 2
34 1 2
35 1 2
36 1 2
37 2 2
38 1 2
39 3 3
40 1 3
41 2 3
42 1 3
43 1 3
44 1 3
45 2 3
46 3 3
47 1 3
48 4 4
49 2 4
50 5 5
51 2 5
52 6 6
53 1 6
54 1 6
55 1 6
56 1 6
57 2 6
58 4 6
59 0 6
60 5 6
61 1 6
62 2 6
63 1 6
64 5 6
65 1 6
66 7 7
67 1 7
68 1 7
69 6 7
70 8 8
71 1 8
72 5 8
73 11 11
74 5 11
75 10 11
76 12 12
77 12 12
78 14 14
79 13 14
80 14 14
81 4 14
82 0 14
83 20 20
84 0 20
85 0 20
86 5 20
87 23 23
88 10 23
89 11 23
90 27 27
91 32 32
92 14 32
93 14 32
94 7 32
95 9 32
96 16 32
97 3 32
98 31 32
99 34 34
100 35 35
101 18 35
102 12 35
103 15 35
104 16 35
105 12 35
106 5 35
107 2 35
108 15 35
109 26 35
110 0 35
111 29 35
112 10 35
113 13 35
114 11 35
115 27 35
116 15 35
117 37 37
118 12 37
119 12 37
120 19 37
121 29 37
122 21 37
123 26 37
124 21 37
125 11 37
126 18 37
127 8 37
128 15 37
129 26 37
130 18 37
131 12 37
132 9 37
133 36 37
134 30 37
135 8 37
136 28 37
137 15 37
138 20 37
139 21 37
140 31 37
141 27 37
142 23 37
143 24 37
144 4 37
145 26 37
146 28 37
147 18 37
148 25 37
149 24 37
150 23 37
151 23 37
152 19 37
153 21 37
154 19 37
155 24 37
156 34 37
157 5 37
158 19 37
159 29 37
160 27 37
161 32 37
162 20 37
163 15 37
164 20 37
165 16 37
166 3 37
167 11 37
168 9 37
169 14 37
170 18 37
171 30 37
172 18 37
173 11 37
174 28 37
175 21 37
176 42 42
177 17 42
178 0 42
179 0 42
180 18 42
181 31 42
182 0 42
183 15 42
184 20 42
185 2 42
186 17 42
187 20 42
188 18 42
189 2 42
190 21 42
191 29 42
192 35 42
193 18 42
194 16 42
195 27 42
196 18 42
197 4 42
198 12 42
199 33 42
200 26 42
201 20 42
202 28 42
203 18 42
204 23 42
205 17 42
206 7 42
207 22 42
208 12 42
209 7 42
210 18 42
211 10 42
212 22 42
213 33 42
214 18 42
215 18 42
216 22 42
217 3 42
218 0 42
219 20 42
220 27 42
221 11 42
222 13 42
223 6 42
224 36 42
225 12 42
226 8 42
227 19 42
228 13 42
229 16 42
230 26 42
231 23 42
232 10 42
233 4 42
234 21 42
235 43 43
236 24 43
237 12 43
238 30 43
239 13 43
240 10 43
241 20 43
242 13 43
243 15 43
244 8 43
245 28 43
246 24 43
247 26 43
248 18 43
249 0 43
250 17 43
251 20 43
252 28 43
253 9 43
254 22 43
255 7 43
256 35 43
257 24 43
258 27 43
259 27 43
260 18 43
261 24 43
262 20 43
263 14 43
264 8 43
265 1 43
266 18 43
267 13 43
268 5 43
269 27 43
270 11 43
271 2 43
272 25 43
273 12 43
274 32 43
275 15 43
276 23 43
277 13 43
278 15 43
279 20 43
280 28 43
281 24 43
282 25 43
283 29 43
284 20 43
285 6 43
286 20 43
287 1 43
288 9 43
289 10 43
290 17 43
291 11 43
292 11 43
293 11 43
294 20 43
295 27 43
296 21 43
297 31 43
298 15 43
299 19 43
300 25 43
301 22 43
