1 0 0
2 0 0
3 0 0
4 0 0
5 0 0
6 0 0
7 0 0
8 0 0
9 0 0
10 1 1
11 0 1
12 1 1
13 1 1
14 1 1
15 1 1
16 0 1
17 1 1
18 1 1
19 3 3
20 1 3
21 0 3
22 0 3
23 0 3
24 0 3
25 1 3
26 1 3
27 1 3
28 1 3
29 2 3
30 0 3
31 0 3
32 1 3
33 1 3
34 1 3
35 1 3
36 0 3
37 0 3
38 2 3
39 1 3
40 1 3
41 0 3
42 0 3
43 1 3
44 8 8
45 5 8
46 1 8
47 4 8
48 0 8
49 1 8
50 6 8
51 5 8
52 4 8
53 14 14
54 2 14
55 1 14
56 2 14
57 2 14
58 4 14
59 7 14
60 3 14
61 2 14
62 4 14
63 7 14
64 2 14
65 7 14
66 2 14
67 11 14
68 5 14
69 0 14
70 1 14
71 14 14
72 1 14
73 11 14
74 9 14
75 16 16
76 11 16
77 22 22
78 5 22
79 13 22
80 27 27
81 14 27
82 26 27
83 17 27
84 15 27
85 10 27
86 19 27
87 18 27
88 15 27
89 2 27
90 2 27
91 2 27
92 15 27
93 9 27
94 9 27
95 18 27
96 1 27
97 0 27
98 19 27
99 39 39
100 18 39
101 22 39
102 14 39
103 24 39
104 28 39
105 30 39
106 7 39
107 15 39
108 23 39
109 20 39
110 24 39
111 23 39
112 5 39
113 21 39
114 19 39
115 11 39
116 2 39
117 12 39
118 18 39
119 27 39
120 15 39
121 17 39
122 47 47
123 41 47
124 24 47
125 23 47
126 10 47
127 38 47
128 9 47
129 16 47
130 19 47
131 15 47
132 22 47
133 22 47
134 21 47
135 40 47
136 27 47
137 2 47
138 17 47
139 28 47
140 22 47
141 12 47
142 9 47
143 11 47
144 12 47
145 7 47
146 11 47
147 18 47
148 25 47
149 7 47
150 19 47
151 29 47
152 0 47
153 2 47
154 3 47
155 15 47
156 5 47
157 14 47
158 8 47
159 38 47
160 20 47
161 9 47
162 2 47
163 2 47
164 14 47
165 7 47
166 20 47
167 15 47
168 25 47
169 0 47
170 0 47
171 0 47
172 1 47
173 2 47
174 7 47
175 8 47
176 16 47
177 6 47
178 0 47
179 12 47
180 23 47
181 7 47
182 36 47
183 12 47
184 30 47
185 21 47
186 19 47
187 23 47
188 15 47
189 24 47
190 12 47
191 17 47
192 26 47
193 13 47
194 4 47
195 14 47
196 16 47
197 21 47
198 29 47
199 22 47
200 5 47
201 20 47
202 9 47
203 14 47
204 25 47
205 40 47
206 20 47
207 13 47
208 7 47
209 12 47
210 20 47
211 21 47
212 1 47
213 25 47
214 20 47
215 28 47
216 2 47
217 23 47
218 18 47
219 8 47
220 4 47
221 16 47
222 20 47
223 13 47
224 23 47
225 14 47
226 18 47
227 8 47
228 45 47
229 26 47
230 10 47
231 22 47
232 34 47
233 18 47
234 17 47
235 7 47
236 7 47
237 17 47
238 6 47
239 12 47
240 3 47
241 23 47
242 15 47
243 23 47
244 10 47
245 14 47
246 23 47
247 3 47
248 10 47
249 3 47
250 13 47
251 12 47
252 27 47
253 12 47
254 34 47
255 20 47
256 9 47
257 9 47
258 24 47
259 31 47
260 21 47
261 13 47
262 11 47
263 5 47
264 16 47
265 1 47
266 12 47
267 24 47
268 20 47
269 37 47
270 17 47
271 22 47
272 7 47
273 16 47
274 31 47
275 16 47
276 1 47
277 10 47
278 25 47
279 15 47
280 12 47
281 10 47
282 20 47
283 10 47
284 26 47
285 25 47
286 18 47
287 3 47
288 10 47
289 20 47
290 7 47
291 4 47
292 24 47
293 4 47
294 29 47
295 0 47
296 2 47
297 12 47
298 3 47
299 26 47
300 15 47
301 25 47
