1 0 0
2 0 0
3 0 0
4 0 0
5 0 0
6 0 0
7 0 0
8 0 0
9 0 0
10 0 0
11 0 0
12 1 1
13 0 1
14 0 1
15 0 1
16 0 1
17 0 1
18 0 1
19 0 1
20 0 1
21 0 1
22 0 1
23 0 1
24 1 1
25 0 1
26 1 1
27 1 1
28 0 1
29 0 1
30 0 1
31 0 1
32 2 2
33 2 2
34 1 2
35 0 2
36 0 2
37 1 2
38 1 2
39 3 3
40 1 3
41 2 3
42 1 3
43 2 3
44 0 3
45 2 3
46 6 6
47 2 6
48 7 7
49 5 7
50 10 10
51 7 10
52 7 10
53 4 10
54 1 10
55 2 10
56 1 10
57 3 10
58 1 10
59 3 10
60 3 10
61 0 10
62 2 10
63 0 10
64 0 10
65 1 10
66 3 10
67 1 10
68 6 10
69 1 10
70 6 10
71 5 10
72 1 10
73 6 10
74 9 10
75 3 10
76 6 10
77 9 10
78 9 10
79 16 16
80 19 19
81 18 19
82 20 20
83 27 27
84 0 27
85 9 27
86 5 27
87 26 27
88 26 27
89 6 27
90 19 27
91 31 31
92 25 31
93 7 31
94 20 31
95 35 35
96 16 35
97 28 35
98 19 35
99 10 35
100 20 35
101 27 35
102 26 35
103 24 35
104 25 35
105 21 35
106 5 35
107 10 35
108 37 37
109 21 37
110 13 37
111 19 37
112 23 37
113 27 37
114 5 37
115 17 37
116 28 37
117 15 37
118 21 37
119 33 37
120 16 37
121 27 37
122 6 37
123 15 37
124 20 37
125 17 37
126 18 37
127 23 37
128 32 37
129 25 37
130 19 37
131 34 37
132 11 37
133 32 37
134 15 37
135 9 37
136 24 37
137 3 37
138 14 37
139 35 37
140 15 37
141 20 37
142 12 37
143 4 37
144 22 37
145 12 37
146 24 37
147 27 37
148 27 37
149 7 37
150 8 37
151 0 37
152 14 37
153 9 37
154 32 37
155 29 37
156 5 37
157 24 37
158 21 37
159 24 37
160 4 37
161 5 37
162 6 37
163 38 38
164 15 38
165 4 38
166 0 38
167 19 38
168 19 38
169 18 38
170 40 40
171 3 40
172 29 40
173 35 40
174 21 40
175 11 40
176 18 40
177 21 40
178 21 40
179 29 40
180 27 40
181 13 40
182 5 40
183 15 40
184 30 40
185 33 40
186 15 40
187 17 40
188 21 40
189 42 42
190 0 42
191 0 42
192 17 42
193 0 42
194 18 42
195 40 42
196 12 42
197 32 42
198 13 42
199 15 42
200 24 42
201 32 42
202 17 42
203 7 42
204 14 42
205 24 42
206 17 42
207 24 42
208 19 42
209 17 42
210 29 42
211 17 42
212 18 42
213 22 42
214 32 42
215 22 42
216 18 42
217 9 42
218 18 42
219 19 42
220 15 42
221 25 42
222 26 42
223 22 42
224 9 42
225 9 42
226 13 42
227 0 42
228 8 42
229 29 42
230 7 42
231 22 42
232 16 42
233 0 42
234 3 42
235 3 42
236 29 42
237 17 42
238 14 42
239 15 42
240 1 42
241 10 42
242 17 42
243 26 42
244 16 42
245 18 42
246 34 42
247 18 42
248 17 42
249 13 42
250 24 42
251 7 42
252 14 42
253 25 42
254 8 42
255 27 42
256 26 42
257 12 42
258 20 42
259 17 42
260 0 42
261 6 42
262 19 42
263 7 42
264 21 42
265 22 42
266 5 42
267 12 42
268 23 42
269 7 42
270 2 42
271 10 42
272 10 42
273 9 42
274 21 42
275 25 42
276 9 42
277 17 42
278 17 42
279 0 42
280 0 42
281 37 42
282 13 42
283 7 42
284 4 42
285 6 42
286 4 42
287 7 42
288 29 42
289 9 42
290 18 42
291 6 42
292 7 42
293 15 42
294 19 42
295 25 42
296 30 42
297 11 42
298 7 42
299 15 42
300 0 42
301 39 42
